   1.49988709E-02
   1.49984146E-02
   1.49979973E-02
   1.49976322E-02
   1.49973026E-02
   1.49970092E-02
   1.49967428E-02
   1.49965137E-02
   1.49963014E-02
   1.49961151E-02
   1.49959419E-02
   1.49957947E-02
   1.49956550E-02
   1.49955302E-02
   1.49954213E-02
   1.49953207E-02
   1.49952304E-02
   1.49951531E-02
   1.49950748E-02
   1.49950124E-02
   1.49949454E-02
   1.49948914E-02
   1.49948392E-02
   1.49947945E-02
   1.49947517E-02
   1.49947107E-02
   1.49946716E-02
   1.49946371E-02
   1.49946064E-02
   1.49945775E-02
   1.49945477E-02
   1.49945254E-02
   1.49944993E-02
   1.49944741E-02
   1.49944508E-02
   1.49944313E-02
   1.49944099E-02
   1.49943857E-02
   1.49943708E-02
   1.49943484E-02
   1.49943307E-02
   1.49943167E-02
   1.49942962E-02
   1.49942804E-02
   1.49942609E-02
   1.49942534E-02
   1.49942338E-02
   1.49942162E-02
   1.49941985E-02
   1.49941836E-02
   1.49941668E-02
   1.49941500E-02
   1.49941361E-02
   1.49941240E-02
   1.49941109E-02
   1.49940941E-02
   1.49940709E-02
   1.49940578E-02
   1.49940420E-02
   1.49940262E-02
   1.49940103E-02
   1.49939954E-02
   1.49939796E-02
   1.49939638E-02
   1.49939489E-02
   1.49939293E-02
   1.49939144E-02
   1.49938986E-02
   1.49938837E-02
   1.49938678E-02
   1.49938529E-02
   1.49938380E-02
   1.49938157E-02
   1.49938008E-02
   1.49937859E-02
   1.49937673E-02
   1.49937598E-02
   1.49937412E-02
   1.49937226E-02
   1.49937039E-02
   1.49936890E-02
   1.49936704E-02
   1.49936555E-02
   1.49936341E-02
   1.49936192E-02
   1.49936043E-02
   1.49935819E-02
   1.49935642E-02
   1.49935456E-02
   1.49935307E-02
   1.49935121E-02
   1.49934934E-02
   1.49934720E-02
   1.49934534E-02
   1.49934348E-02
   1.49934171E-02
   1.49933985E-02
   1.49933798E-02
   1.49933612E-02
   1.49933398E-02
   1.49933212E-02
   1.49932997E-02
   1.49932811E-02
   1.49932634E-02
   1.49932448E-02
   1.49932224E-02
   1.49932047E-02
   1.49931824E-02
   1.49931600E-02
   1.49931386E-02
   1.49931209E-02
   1.49931023E-02
   1.49930762E-02
   1.49930548E-02
   1.49930324E-02
   1.49930147E-02
   1.49929924E-02
   1.49929700E-02
   1.49929486E-02
   1.49929263E-02
   1.49929048E-02
   1.49928834E-02
   1.49928611E-02
   1.49928387E-02
   1.49928136E-02
   1.49927912E-02
   1.49927698E-02
   1.49927447E-02
   1.49927223E-02
   1.49927000E-02
   1.49926748E-02
   1.49926525E-02
   1.49926273E-02
   1.49926022E-02
   1.49925798E-02
   1.49925547E-02
   1.49925323E-02
   1.49925072E-02
   1.49924811E-02
   1.49924560E-02
   1.49924299E-02
   1.49924047E-02
   1.49923796E-02
   1.49923535E-02
   1.49923284E-02
   1.49923023E-02
   1.49922771E-02
   1.49922520E-02
   1.49922222E-02
   1.49921970E-02
   1.49921710E-02
   1.49921421E-02
   1.49921170E-02
   1.49920909E-02
   1.49920620E-02
   1.49920322E-02
   1.49920033E-02
   1.49919773E-02
   1.49919484E-02
   1.49919195E-02
   1.49918934E-02
   1.49918646E-02
   1.49918357E-02
   1.49918031E-02
   1.49917733E-02
   1.49917481E-02
   1.49917156E-02
   1.49916857E-02
   1.49916569E-02
   1.49916243E-02
   1.49915982E-02
   1.49915656E-02
   1.49915358E-02
   1.49915032E-02
   1.49914706E-02
   1.49914417E-02
   1.49914082E-02
   1.49913756E-02
   1.49913430E-02
   1.49913142E-02
   1.49912816E-02
   1.49912480E-02
   1.49912154E-02
   1.49911791E-02
   1.49911456E-02
   1.49911130E-02
   1.49910804E-02
   1.49910469E-02
   1.49910105E-02
   1.49909742E-02
   1.49909416E-02
   1.49909053E-02
   1.49908727E-02
   1.49908355E-02
   1.49907991E-02
   1.49907665E-02
   1.49907265E-02
   1.49906930E-02
   1.49906566E-02
   1.49906203E-02
   1.49905803E-02
   1.49905439E-02
   1.49905076E-02
   1.49904713E-02
   1.49904303E-02
   1.49903903E-02
   1.49903577E-02
   1.49903176E-02
   1.49902776E-02
   1.49902375E-02
   1.49901975E-02
   1.49901574E-02
   1.49901174E-02
   1.49900764E-02
   1.49900364E-02
   1.49899963E-02
   1.49899563E-02
   1.49899162E-02
   1.49898725E-02
   1.49898324E-02
   1.49897886E-02
   1.49897449E-02
   1.49897048E-02
   1.49896611E-02
   1.49896173E-02
   1.49895735E-02
   1.49895297E-02
   1.49894860E-02
   1.49894422E-02
   1.49893947E-02
   1.49893546E-02
   1.49893072E-02
   1.49892597E-02
   1.49892122E-02
   1.49891721E-02
   1.49891246E-02
   1.49890771E-02
   1.49890296E-02
   1.49889821E-02
   1.49889346E-02
   1.49888871E-02
   1.49888396E-02
   1.49887921E-02
   1.49887381E-02
   1.49886906E-02
   1.49886431E-02
   1.49885882E-02
   1.49885407E-02
   1.49884932E-02
   1.49884382E-02
   1.49883907E-02
   1.49883367E-02
   1.49882855E-02
   1.49882343E-02
   1.49881793E-02
   1.49881290E-02
   1.49880778E-02
   1.49880229E-02
   1.49879679E-02
   1.49879130E-02
   1.49878580E-02
   1.49878040E-02
   1.49877490E-02
   1.49876950E-02
   1.49876364E-02
   1.49875777E-02
   1.49875227E-02
   1.49874678E-02
   1.49874091E-02
   1.49873514E-02
   1.49872927E-02
   1.49872350E-02
   1.49871763E-02
   1.49871176E-02
   1.49870561E-02
   1.49869937E-02
   1.49869351E-02
   1.49868736E-02
   1.49868149E-02
   1.49867535E-02
   1.49866911E-02
   1.49866259E-02
   1.49865635E-02
   1.49865011E-02
   1.49864359E-02
   1.49863735E-02
   1.49863083E-02
   1.49862422E-02
   1.49861770E-02
   1.49861109E-02
   1.49860457E-02
   1.49859795E-02
   1.49859106E-02
   1.49858445E-02
   1.49857756E-02
   1.49857067E-02
   1.49856368E-02
   1.49855679E-02
   1.49854980E-02
   1.49854282E-02
   1.49853593E-02
   1.49852866E-02
   1.49852177E-02
   1.49851441E-02
   1.49850715E-02
   1.49849979E-02
   1.49849253E-02
   1.49848489E-02
   1.49847753E-02
   1.49846990E-02
   1.49846263E-02
   1.49845500E-02
   1.49844727E-02
   1.49843963E-02
   1.49843162E-02
   1.49842398E-02
   1.49841625E-02
   1.49840824E-02
   1.49840023E-02
   1.49839260E-02
   1.49838421E-02
   1.49837611E-02
   1.49836810E-02
   1.49835972E-02
   1.49835171E-02
   1.49834333E-02
   1.49833495E-02
   1.49832657E-02
   1.49831781E-02
   1.49830943E-02
   1.49830105E-02
   1.49829229E-02
   1.49828354E-02
   1.49827478E-02
   1.49826603E-02
   1.49825718E-02
   1.49824815E-02
   1.49823939E-02
   1.49823027E-02
   1.49822114E-02
   1.49821201E-02
   1.49820251E-02
   1.49819339E-02
   1.49818389E-02
   1.49817485E-02
   1.49816535E-02
   1.49815548E-02
   1.49814598E-02
   1.49813648E-02
   1.49812661E-02
   1.49811683E-02
   1.49810696E-02
   1.49809709E-02
   1.49808722E-02
   1.49807706E-02
   1.49806719E-02
   1.49805695E-02
   1.49804680E-02
   1.49803655E-02
   1.49802603E-02
   1.49801541E-02
   1.49800517E-02
   1.49799464E-02
   1.49798365E-02
   1.49797313E-02
   1.49796251E-02
   1.49795199E-02
   1.49794100E-02
   1.49793001E-02
   1.49791911E-02
   1.49790784E-02
   1.49789648E-02
   1.49788521E-02
   1.49787385E-02
   1.49786258E-02
   1.49785122E-02
   1.49783920E-02
   1.49782794E-02
   1.49781592E-02
   1.49780456E-02
   1.49779255E-02
   1.49778053E-02
   1.49776852E-02
   1.49775650E-02
   1.49774440E-02
   1.49773201E-02
   1.49771962E-02
   1.49770761E-02
   1.49769485E-02
   1.49768209E-02
   1.49766924E-02
   1.49765648E-02
   1.49764372E-02
   1.49763096E-02
   1.49761783E-02
   1.49760507E-02
   1.49759194E-02
   1.49757843E-02
   1.49756493E-02
   1.49755152E-02
   1.49753802E-02
   1.49752451E-02
   1.49751101E-02
   1.49749713E-02
   1.49748363E-02
   1.49746910E-02
   1.49745522E-02
   1.49744060E-02
   1.49742672E-02
   1.49741219E-02
   1.49739832E-02
   1.49738370E-02
   1.49736879E-02
   1.49735380E-02
   1.49733955E-02
   1.49732502E-02
   1.49731003E-02
   1.49729401E-02
   1.49727901E-02
   1.49726411E-02
   1.49724884E-02
   1.49723273E-02
   1.49721745E-02
   1.49720209E-02
   1.49718607E-02
   1.49717005E-02
   1.49715431E-02
   1.49713829E-02
   1.49712190E-02
   1.49710551E-02
   1.49708912E-02
   1.49707273E-02
   1.49705624E-02
   1.49703948E-02
   1.49702234E-02
   1.49700558E-02
   1.49698881E-02
   1.49697131E-02
   1.49695380E-02
   1.49693666E-02
   1.49691915E-02
   1.49690164E-02
   1.49688376E-02
   1.49686588E-02
   1.49684809E-02
   1.49683021E-02
   1.49681196E-02
   1.49679407E-02
   1.49677508E-02
   1.49675692E-02
   1.49673801E-02
   1.49671976E-02
   1.49670038E-02
   1.49668111E-02
   1.49666211E-02
   1.49664283E-02
   1.49662346E-02
   1.49660381E-02
   1.49658443E-02
   1.49656478E-02
   1.49654429E-02
   1.49652464E-02
   1.49650425E-02
   1.49648385E-02
   1.49646373E-02
   1.49644297E-02
   1.49642220E-02
   1.49640143E-02
   1.49638066E-02
   1.49635915E-02
   1.49633801E-02
   1.49631687E-02
   1.49629498E-02
   1.49627384E-02
   1.49625158E-02
   1.49622979E-02
   1.49620753E-02
   1.49618527E-02
   1.49616301E-02
   1.49614047E-02
   1.49611821E-02
   1.49609484E-02
   1.49607221E-02
   1.49604930E-02
   1.49602564E-02
   1.49600264E-02
   1.49597926E-02
   1.49595523E-02
   1.49593158E-02
   1.49590708E-02
   1.49588306E-02
   1.49585903E-02
   1.49583425E-02
   1.49580939E-02
   1.49578508E-02
   1.49575993E-02
   1.49573470E-02
   1.49570955E-02
   1.49568412E-02
   1.49565823E-02
   1.49563262E-02
   1.49560645E-02
   1.49558056E-02
   1.49555430E-02
   1.49552766E-02
   1.49550112E-02
   1.49547346E-02
   1.49544682E-02
   1.49541982E-02
   1.49539215E-02
   1.49536515E-02
   1.49533711E-02
   1.49530945E-02
   1.49528133E-02
   1.49525329E-02
   1.49522489E-02
   1.49519648E-02
   1.49516724E-02
   1.49513809E-02
   1.49510968E-02
   1.49508016E-02
   1.49505064E-02
   1.49502084E-02
   1.49499057E-02
   1.49496067E-02
   1.49493003E-02
   1.49489986E-02
   1.49486922E-02
   1.49483820E-02
   1.49480691E-02
   1.49477590E-02
   1.49474386E-02
   1.49471257E-02
   1.49468044E-02
   1.49464840E-02
   1.49461674E-02
   1.49458358E-02
   1.49455080E-02
   1.49451802E-02
   1.49448449E-02
   1.49445171E-02
   1.49441781E-02
   1.49438400E-02
   1.49435010E-02
   1.49431508E-02
   1.49428090E-02
   1.49424588E-02
   1.49421161E-02
   1.49417631E-02
   1.49414092E-02
   1.49410525E-02
   1.49406884E-02
   1.49403345E-02
   1.49399703E-02
   1.49396034E-02
   1.49392346E-02
   1.49388667E-02
   1.49384961E-02
   1.49381161E-02
   1.49377417E-02
   1.49373626E-02
   1.49369799E-02
   1.49365943E-02
   1.49362003E-02
   1.49358148E-02
   1.49354218E-02
   1.49350278E-02
   1.49346311E-02
   1.49342306E-02
   1.49338329E-02
   1.49334222E-02
   1.49330143E-02
   1.49326026E-02
   1.49321873E-02
   1.49317756E-02
   1.49313612E-02
   1.49309346E-02
   1.49305090E-02
   1.49300825E-02
   1.49296597E-02
   1.49292303E-02
   1.49287898E-02
   1.49283530E-02
   1.49279125E-02
   1.49274683E-02
   1.49270166E-02
   1.49265723E-02
   1.49261169E-02
   1.49256615E-02
   1.49252070E-02
   1.49247516E-02
   1.49242822E-02
   1.49238165E-02
   1.49233425E-02
   1.49228731E-02
   1.49223926E-02
   1.49219157E-02
   1.49214352E-02
   1.49209481E-02
   1.49204629E-02
   1.49199683E-02
   1.49194729E-02
   1.49189746E-02
   1.49184717E-02
   1.49179697E-02
   1.49174603E-02
   1.49169546E-02
   1.49164340E-02
   1.49159171E-02
   1.49154039E-02
   1.49148759E-02
   1.49143487E-02
   1.49138207E-02
   1.49132786E-02
   1.49127468E-02
   1.49121974E-02
   1.49116516E-02
   1.49111096E-02
   1.49105554E-02
   1.49099994E-02
   1.49094388E-02
   1.49088781E-02
   1.49083110E-02
   1.49077391E-02
   1.49071682E-02
   1.49065936E-02
   1.49060106E-02
   1.49054257E-02
   1.49048362E-02
   1.49042392E-02
   1.49036497E-02
   1.49030527E-02
   1.49024492E-02
   1.49018373E-02
   1.49012236E-02
   1.49006080E-02
   1.48999896E-02
   1.48993637E-02
   1.48987351E-02
   1.48981055E-02
   1.48974722E-02
   1.48968287E-02
   1.48961851E-02
   1.48955416E-02
   1.48948859E-02
   1.48942349E-02
   1.48935663E-02
   1.48929041E-02
   1.48922354E-02
   1.48915621E-02
   1.48908859E-02
   1.48901986E-02
   1.48895113E-02
   1.48888277E-02
   1.48881255E-02
   1.48874233E-02
   1.48867220E-02
   1.48860132E-02
   1.48853036E-02
   1.48845846E-02
   1.48838637E-02
   1.48831336E-02
   1.48824025E-02
   1.48816640E-02
   1.48809189E-02
   1.48801701E-02
   1.48794213E-02
   1.48786688E-02
   1.48779061E-02
   1.48771424E-02
   1.48763675E-02
   1.48755973E-02
   1.48748197E-02
   1.48740308E-02
   1.48732383E-02
   1.48724429E-02
   1.48716392E-02
   1.48708327E-02
   1.48700261E-02
   1.48692112E-02
   1.48683898E-02
   1.48675581E-02
   1.48667265E-02
   1.48658939E-02
   1.48650473E-02
   1.48642007E-02
   1.48633430E-02
   1.48624890E-02
   1.48616172E-02
   1.48607567E-02
   1.48598775E-02
   1.48589909E-02
   1.48581117E-02
   1.48572149E-02
   1.48563171E-02
   1.48554165E-02
   1.48545047E-02
   1.48535855E-02
   1.48526700E-02
   1.48517368E-02
   1.48508037E-02
   1.48498593E-02
   1.48489187E-02
   1.48479594E-02
   1.48470122E-02
   1.48460465E-02
   1.48450695E-02
   1.48440963E-02
   1.48431156E-02
   1.48421284E-02
   1.48411337E-02
   1.48401279E-02
   1.48391221E-02
   1.48381023E-02
   1.48370927E-02
   1.48360580E-02
   1.48350243E-02
   1.48339858E-02
   1.48329362E-02
   1.48318801E-02
   1.48308240E-02
   1.48297539E-02
   1.48286829E-02
   1.48276053E-02
   1.48265129E-02
   1.48254205E-02
   1.48243140E-02
   1.48232076E-02
   1.48220863E-02
   1.48209687E-02
   1.48198335E-02
   1.48186972E-02
   1.48175545E-02
   1.48164053E-02
   1.48152402E-02
   1.48140760E-02
   1.48128970E-02
   1.48117188E-02
   1.48105323E-02
   1.48093319E-02
   1.48081239E-02
   1.48069132E-02
   1.48056941E-02
   1.48044648E-02
   1.48032326E-02
   1.48019884E-02
   1.48007413E-02
   1.47994794E-02
   1.47982109E-02
   1.47969313E-02
   1.47956517E-02
   1.47943571E-02
   1.47930598E-02
   1.47917550E-02
   1.47904316E-02
   1.47891082E-02
   1.47877783E-02
   1.47864306E-02
   1.47850793E-02
   1.47837233E-02
   1.47823533E-02
   1.47809768E-02
   1.47795966E-02
   1.47782015E-02
   1.47767998E-02
   1.47753833E-02
   1.47739667E-02
   1.47725362E-02
   1.47710983E-02
   1.47696491E-02
   1.47681898E-02
   1.47667304E-02
   1.47652524E-02
   1.47637678E-02
   1.47622759E-02
   1.47607662E-02
   1.47592528E-02
   1.47577282E-02
   1.47562008E-02
   1.47546511E-02
   1.47531051E-02
   1.47515414E-02
   1.47499703E-02
   1.47483889E-02
   1.47467973E-02
   1.47451973E-02
   1.47435870E-02
   1.47419618E-02
   1.47403339E-02
   1.47386836E-02
   1.47370305E-02
   1.47353699E-02
   1.47336917E-02
   1.47320060E-02
   1.47303091E-02
   1.47286132E-02
   1.47268912E-02
   1.47251626E-02
   1.47234229E-02
   1.47216767E-02
   1.47199119E-02
   1.47181442E-02
   1.47163579E-02
   1.47145614E-02
   1.47127612E-02
   1.47109395E-02
   1.47091132E-02
   1.47072701E-02
   1.47054233E-02
   1.47035588E-02
   1.47016868E-02
   1.46998037E-02
   1.46979038E-02
   1.46959927E-02
   1.46940667E-02
   1.46921305E-02
   1.46901868E-02
   1.46882292E-02
   1.46862613E-02
   1.46842748E-02
   1.46822780E-02
   1.46802664E-02
   1.46782445E-02
   1.46762114E-02
   1.46741681E-02
   1.46721071E-02
   1.46700311E-02
   1.46679487E-02
   1.46658514E-02
   1.46637363E-02
   1.46616111E-02
   1.46594709E-02
   1.46573214E-02
   1.46551561E-02
   1.46529768E-02
   1.46507872E-02
   1.46485800E-02
   1.46463579E-02
   1.46441255E-02
   1.46418754E-02
   1.46396179E-02
   1.46373352E-02
   1.46350488E-02
   1.46327419E-02
   1.46304239E-02
   1.46280956E-02
   1.46257421E-02
   1.46233812E-02
   1.46210026E-02
   1.46186063E-02
   1.46162035E-02
   1.46137821E-02
   1.46113392E-02
   1.46088861E-02
   1.46064190E-02
   1.46039445E-02
   1.46014346E-02
   1.45989247E-02
   1.45963971E-02
   1.45938555E-02
   1.45912888E-02
   1.45887183E-02
   1.45861190E-02
   1.45835103E-02
   1.45808868E-02
   1.45782446E-02
   1.45755820E-02
   1.45729091E-02
   1.45702148E-02
   1.45675140E-02
   1.45647796E-02
   1.45620424E-02
   1.45592848E-02
   1.45565085E-02
   1.45537183E-02
   1.45509038E-02
   1.45480782E-02
   1.45452349E-02
   1.45423701E-02
   1.45394877E-02
   1.45365922E-02
   1.45336743E-02
   1.45307360E-02
   1.45277902E-02
   1.45248156E-02
   1.45218242E-02
   1.45188253E-02
   1.45157911E-02
   1.45127540E-02
   1.45096872E-02
   1.45066008E-02
   1.45035032E-02
   1.45003805E-02
   1.44972438E-02
   1.44940829E-02
   1.44909080E-02
   1.44877117E-02
   1.44844940E-02
   1.44812595E-02
   1.44779989E-02
   1.44747216E-02
   1.44714266E-02
   1.44681074E-02
   1.44647742E-02
   1.44614158E-02
   1.44580361E-02
   1.44546395E-02
   1.44512178E-02
   1.44477747E-02
   1.44443149E-02
   1.44408299E-02
   1.44373272E-02
   1.44338040E-02
   1.44302491E-02
   1.44266868E-02
   1.44230938E-02
   1.44194858E-02
   1.44158462E-02
   1.44121898E-02
   1.44085158E-02
   1.44048100E-02
   1.44010903E-02
   1.43973380E-02
   1.43935736E-02
   1.43897831E-02
   1.43859657E-02
   1.43821277E-02
   1.43782711E-02
   1.43743800E-02
   1.43704703E-02
   1.43665411E-02
   1.43625904E-02
   1.43586090E-02
   1.43546062E-02
   1.43505819E-02
   1.43465232E-02
   1.43424505E-02
   1.43383425E-02
   1.43342242E-02
   1.43300714E-02
   1.43258981E-02
   1.43216960E-02
   1.43174697E-02
   1.43132200E-02
   1.43089378E-02
   1.43046351E-02
   1.43003082E-02
   1.42959533E-02
   1.42915715E-02
   1.42871644E-02
   1.42827332E-02
   1.42782750E-02
   1.42737841E-02
   1.42692737E-02
   1.42647307E-02
   1.42601617E-02
   1.42555665E-02
   1.42509453E-02
   1.42462999E-02
   1.42416153E-02
   1.42369103E-02
   1.42321810E-02
   1.42274210E-02
   1.42226294E-02
   1.42178070E-02
   1.42129632E-02
   1.42080896E-02
   1.42031806E-02
   1.41982436E-02
   1.41932834E-02
   1.41882915E-02
   1.41832726E-02
   1.41782155E-02
   1.41731342E-02
   1.41680297E-02
   1.41628822E-02
   1.41577078E-02
   1.41525064E-02
   1.41472705E-02
   1.41420104E-02
   1.41367167E-02
   1.41313877E-02
   1.41260242E-02
   1.41206440E-02
   1.41152199E-02
   1.41097708E-02
   1.41042843E-02
   1.40987672E-02
   1.40932184E-02
   1.40876370E-02
   1.40820239E-02
   1.40763763E-02
   1.40706981E-02
   1.40649788E-02
   1.40592400E-02
   1.40534518E-02
   1.40476441E-02
   1.40417954E-02
   1.40359122E-02
   1.40299993E-02
   1.40240518E-02
   1.40180597E-02
   1.40120471E-02
   1.40059944E-02
   1.39999045E-02
   1.39937829E-02
   1.39876250E-02
   1.39814299E-02
   1.39752002E-02
   1.39689334E-02
   1.39626320E-02
   1.39562907E-02
   1.39499186E-02
   1.39435064E-02
   1.39370570E-02
   1.39305694E-02
   1.39240455E-02
   1.39174908E-02
   1.39108887E-02
   1.39042540E-02
   1.38975885E-02
   1.38908718E-02
   1.38841243E-02
   1.38773341E-02
   1.38705103E-02
   1.38636455E-02
   1.38567369E-02
   1.38497949E-02
   1.38428127E-02
   1.38357943E-02
   1.38287321E-02
   1.38216252E-02
   1.38144884E-02
   1.38073023E-02
   1.38000855E-02
   1.37928221E-02
   1.37855150E-02
   1.37781743E-02
   1.37707880E-02
   1.37633597E-02
   1.37558859E-02
   1.37483757E-02
   1.37408217E-02
   1.37332315E-02
   1.37255909E-02
   1.37179112E-02
   1.37101905E-02
   1.37024242E-02
   1.36946142E-02
   1.36867575E-02
   1.36788618E-02
   1.36709232E-02
   1.36629371E-02
   1.36549091E-02
   1.36468410E-02
   1.36387199E-02
   1.36305597E-02
   1.36223566E-02
   1.36141069E-02
   1.36058042E-02
   1.35974661E-02
   1.35890748E-02
   1.35806445E-02
   1.35721685E-02
   1.35636386E-02
   1.35550601E-02
   1.35464463E-02
   1.35377757E-02
   1.35290632E-02
   1.35203050E-02
   1.35114975E-02
   1.35026416E-02
   1.34937325E-02
   1.34847816E-02
   1.34757813E-02
   1.34667363E-02
   1.34576354E-02
   1.34484889E-02
   1.34392930E-02
   1.34300534E-02
   1.34207541E-02
   1.34114102E-02
   1.34020168E-02
   1.33925723E-02
   1.33830868E-02
   1.33735379E-02
   1.33639444E-02
   1.33542959E-02
   1.33445961E-02
   1.33348517E-02
   1.33250458E-02
   1.33151980E-02
   1.33053027E-02
   1.32953422E-02
   1.32853370E-02
   1.32752741E-02
   1.32651571E-02
   1.32549992E-02
   1.32447761E-02
   1.32345026E-02
   1.32241780E-02
   1.32137993E-02
   1.32033695E-02
   1.31928828E-02
   1.31823346E-02
   1.31717427E-02
   1.31610939E-02
   1.31503884E-02
   1.31396288E-02
   1.31288152E-02
   1.31179374E-02
   1.31070139E-02
   1.30960336E-02
   1.30849956E-02
   1.30739016E-02
   1.30627472E-02
   1.30515369E-02
   1.30402735E-02
   1.30289597E-02
   1.30175762E-02
   1.30061405E-02
   1.29946452E-02
   1.29830930E-02
   1.29714897E-02
   1.29598230E-02
   1.29480967E-02
   1.29363118E-02
   1.29244747E-02
   1.29125714E-02
   1.29006095E-02
   1.28885889E-02
   1.28765097E-02
   1.28643718E-02
   1.28521761E-02
   1.28399208E-02
   1.28275976E-02
   1.28152203E-02
   1.28027769E-02
   1.27902841E-02
   1.27777215E-02
   1.27651012E-02
   1.27524137E-02
   1.27396751E-02
   1.27268666E-02
   1.27139995E-02
   1.27010718E-02
   1.26880808E-02
   1.26750283E-02
   1.26619134E-02
   1.26487371E-02
   1.26354983E-02
   1.26221888E-02
   1.26088224E-02
   1.25953900E-02
   1.25819007E-02
   1.25683500E-02
   1.25547284E-02
   1.25410445E-02
   1.25272917E-02
   1.25134857E-02
   1.24996044E-02
   1.24856671E-02
   1.24716619E-02
   1.24575878E-02
   1.24434512E-02
   1.24292532E-02
   1.24149872E-02
   1.24006597E-02
   1.23862661E-02
   1.23717999E-02
   1.23572713E-02
   1.23426830E-02
   1.23280259E-02
   1.23133026E-02
   1.22985076E-02
   1.22836493E-02
   1.22687249E-02
   1.22537389E-02
   1.22386804E-02
   1.22235548E-02
   1.22083640E-02
   1.21931033E-02
   1.21777821E-02
   1.21623892E-02
   1.21469237E-02
   1.21314023E-02
   1.21158054E-02
   1.21001434E-02
   1.20844096E-02
   1.20686181E-02
   1.20527474E-02
   1.20368088E-02
   1.20208059E-02
   1.20047387E-02
   1.19885933E-02
   1.19723845E-02
   1.19561050E-02
   1.19397622E-02
   1.19233485E-02
   1.19068688E-02
   1.18903155E-02
   1.18736923E-02
   1.18570002E-02
   1.18402448E-02
   1.18234139E-02
   1.18065206E-02
   1.17895482E-02
   1.17725143E-02
   1.17554087E-02
   1.17382305E-02
   1.17209852E-02
   1.17036719E-02
   1.16862878E-02
   1.16688330E-02
   1.16513101E-02
   1.16337202E-02
   1.16160568E-02
   1.15983235E-02
   1.15805212E-02
   1.15626454E-02
   1.15447063E-02
   1.15266917E-02
   1.15086148E-02
   1.14904586E-02
   1.14722410E-02
   1.14539480E-02
   1.14355842E-02
   1.14171542E-02
   1.13986516E-02
   1.13800801E-02
   1.13614388E-02
   1.13427266E-02
   1.13239409E-02
   1.13050956E-02
   1.12861730E-02
   1.12671852E-02
   1.12481238E-02
   1.12289973E-02
   1.12097980E-02
   1.11905271E-02
   1.11711845E-02
   1.11517739E-02
   1.11322990E-02
   1.11127524E-02
   1.10931341E-02
   1.10734496E-02
   1.10536925E-02
   1.10338703E-02
   1.10139763E-02
   1.09940087E-02
   1.09739788E-02
   1.09538790E-02
   1.09337140E-02
   1.09134708E-02
   1.08931623E-02
   1.08727887E-02
   1.08523415E-02
   1.08318329E-02
   1.08112507E-02
   1.07906042E-02
   1.07698878E-02
   1.07491026E-02
   1.07282493E-02
   1.07073309E-02
   1.06863501E-02
   1.06652910E-02
   1.06441695E-02
   1.06229829E-02
   1.06017254E-02
   1.05804093E-02
   1.05590206E-02
   1.05375648E-02
   1.05160475E-02
   1.04944576E-02
   1.04728080E-02
   1.04510859E-02
   1.04293013E-02
   1.04074543E-02
   1.03855357E-02
   1.03635620E-02
   1.03415176E-02
   1.03194080E-02
   1.02972379E-02
   1.02749979E-02
   1.02527011E-02
   1.02303373E-02
   1.02079082E-02
   1.01854214E-02
   1.01628667E-02
   1.01402532E-02
   1.01175699E-02
   1.00948336E-02
   1.00720329E-02
   1.00491652E-02
   1.00262398E-02
   1.00032547E-02
   9.98020917E-03
   9.95710120E-03
   9.93393362E-03
   9.91070457E-03
   9.88741964E-03
   9.86407232E-03
   9.84066539E-03
   9.81720258E-03
   9.79367644E-03
   9.77009907E-03
   9.74646211E-03
   9.72276274E-03
   9.69901588E-03
   9.67520382E-03
   9.65133309E-03
   9.62740835E-03
   9.60342959E-03
   9.57940053E-03
   9.55531094E-03
   9.53116640E-03
   9.50696692E-03
   9.48271807E-03
   9.45840869E-03
   9.43404902E-03
   9.40963719E-03
   9.38517880E-03
   9.36066546E-03
   9.33609530E-03
   9.31147672E-03
   9.28680412E-03
   9.26208775E-03
   9.23731737E-03
   9.21249762E-03
   9.18762852E-03
   9.16270725E-03
   9.13774315E-03
   9.11273155E-03
   9.08767059E-03
   9.06256121E-03
   9.03740898E-03
   9.01220553E-03
   8.98696110E-03
   8.96167103E-03
   8.93633440E-03
   8.91095493E-03
   8.88552703E-03
   8.86006281E-03
   8.83455109E-03
   8.80900025E-03
   8.78340658E-03
   8.75777099E-03
   8.73209815E-03
   8.70638248E-03
   8.68062861E-03
   8.65482539E-03
   8.62899888E-03
   8.60312581E-03
   8.57721735E-03
   8.55126698E-03
   8.52528773E-03
   8.49926565E-03
   8.47321190E-03
   8.44712462E-03
   8.42099823E-03
   8.39484017E-03
   8.36865045E-03
   8.34242254E-03
   8.31616763E-03
   8.28988105E-03
   8.26355908E-03
   8.23721010E-03
   8.21083505E-03
   8.18442367E-03
   8.15798622E-03
   8.13152269E-03
   8.10503028E-03
   8.07850622E-03
   8.05196166E-03
   8.02538916E-03
   7.99879339E-03
   7.97216687E-03
   7.94552173E-03
   7.91885704E-03
   7.89216254E-03
   7.86545034E-03
   7.83871021E-03
   7.81195657E-03
   7.78518058E-03
   7.75837991E-03
   7.73156760E-03
   7.70473666E-03
   7.67788384E-03
   7.65101612E-03
   7.62413256E-03
   7.59723131E-03
   7.57031562E-03
   7.54338503E-03
   7.51643861E-03
   7.48948054E-03
   7.46251177E-03
   7.43552763E-03
   7.40854116E-03
   7.38153653E-03
   7.35451793E-03
   7.32749514E-03
   7.30046816E-03
   7.27342814E-03
   7.24638253E-03
   7.21932901E-03
   7.19227269E-03
   7.16520147E-03
   7.13813631E-03
   7.11106230E-03
   7.08398409E-03
   7.05691008E-03
   7.02983281E-03
   7.00275088E-03
   6.97566569E-03
   6.94858329E-03
   6.92150230E-03
   6.89442409E-03
   6.86734729E-03
   6.84027653E-03
   6.81320531E-03
   6.78613875E-03
   6.75907731E-03
   6.73202053E-03
   6.70497213E-03
   6.67792931E-03
   6.65089488E-03
   6.62387162E-03
   6.59685256E-03
   6.56984281E-03
   6.54284749E-03
   6.51586428E-03
   6.48888946E-03
   6.46192953E-03
   6.43498218E-03
   6.40804833E-03
   6.38112659E-03
   6.35422254E-03
   6.32733526E-03
   6.30046288E-03
   6.27361424E-03
   6.24677120E-03
   6.21995516E-03
   6.19315915E-03
   6.16638362E-03
   6.13962160E-03
   6.11288799E-03
   6.08617486E-03
   6.05947850E-03
   6.03281613E-03
   6.00617053E-03
   5.97955147E-03
   5.95295709E-03
   5.92638971E-03
   5.89985028E-03
   5.87333553E-03
   5.84684918E-03
   5.82039729E-03
   5.79396682E-03
   5.76756708E-03
   5.74120507E-03
   5.71486773E-03
   5.68856765E-03
   5.66229504E-03
   5.63606108E-03
   5.60985692E-03
   5.58368629E-03
   5.55755757E-03
   5.53145912E-03
   5.50539326E-03
   5.47937071E-03
   5.45338634E-03
   5.42743504E-03
   5.40152984E-03
   5.37565863E-03
   5.34982560E-03
   5.32403914E-03
   5.29828947E-03
   5.27258683E-03
   5.24692517E-03
   5.22130262E-03
   5.19572711E-03
   5.17019536E-03
   5.14470972E-03
   5.11926971E-03
   5.09387767E-03
   5.06853033E-03
   5.04322862E-03
   5.01797581E-03
   4.99277143E-03
   4.96761827E-03
   4.94250935E-03
   4.91745817E-03
   4.89245169E-03
   4.86749876E-03
   4.84259846E-03
   4.81774844E-03
   4.79294965E-03
   4.76820441E-03
   4.74351505E-03
   4.71888157E-03
   4.69430257E-03
   4.66977898E-03
   4.64530755E-03
   4.62089851E-03
   4.59654117E-03
   4.57224110E-03
   4.54800436E-03
   4.52382071E-03
   4.49969713E-03
   4.47563641E-03
   4.45162831E-03
   4.42769052E-03
   4.40380536E-03
   4.37998259E-03
   4.35622269E-03
   4.33252752E-03
   4.30888915E-03
   4.28532297E-03
   4.26181220E-03
   4.23836755E-03
   4.21498576E-03
   4.19167057E-03
   4.16842243E-03
   4.14523669E-03
   4.12211521E-03
   4.09906404E-03
   4.07607807E-03
   4.05315682E-03
   4.03030729E-03
   4.00752435E-03
   3.98480846E-03
   3.96216381E-03
   3.93958390E-03
   3.91707243E-03
   3.89463664E-03
   3.87227093E-03
   3.84997297E-03
   3.82774509E-03
   3.80558730E-03
   3.78350099E-03
   3.76148988E-03
   3.73954466E-03
   3.71767674E-03
   3.69588169E-03
   3.67415627E-03
   3.65250395E-03
   3.63092986E-03
   3.60942492E-03
   3.58799472E-03
   3.56663740E-03
   3.54535971E-03
   3.52415605E-03
   3.50302504E-03
   3.48196807E-03
   3.46098864E-03
   3.44008463E-03
   3.41925817E-03
   3.39850527E-03
   3.37783271E-03
   3.35723395E-03
   3.33671179E-03
   3.31626600E-03
   3.29589867E-03
   3.27560934E-03
   3.25539801E-03
   3.23526282E-03
   3.21520702E-03
   3.19523038E-03
   3.17533268E-03
   3.15551227E-03
   3.13577056E-03
   3.11610592E-03
   3.09652300E-03
   3.07701831E-03
   3.05759488E-03
   3.03824805E-03
   3.01898015E-03
   2.99979676E-03
   2.98068742E-03
   2.96166190E-03
   2.94271344E-03
   2.92384671E-03
   2.90506147E-03
   2.88635446E-03
   2.86772870E-03
   2.84918211E-03
   2.83071795E-03
   2.81233457E-03
   2.79403292E-03
   2.77580856E-03
   2.75766850E-03
   2.73960852E-03
   2.72162631E-03
   2.70372815E-03
   2.68590916E-03
   2.66817212E-03
   2.65051518E-03
   2.63293996E-03
   2.61544739E-03
   2.59803631E-03
   2.58070580E-03
   2.56345118E-03
   2.54628481E-03
   2.52919574E-03
   2.51219072E-03
   2.49526277E-03
   2.47842004E-03
   2.46165670E-03
   2.44497065E-03
   2.42837076E-03
   2.41185096E-03
   2.39541056E-03
   2.37905141E-03
   2.36277119E-03
   2.34657596E-03
   2.33046105E-03
   2.31442158E-03
   2.29846872E-03
   2.28259549E-03
   2.26679700E-03
   2.25108606E-03
   2.23545218E-03
   2.21989653E-03
   2.20442610E-03
   2.18903064E-03
   2.17371690E-03
   2.15848326E-03
   2.14333087E-03
   2.12825648E-03
   2.11326266E-03
   2.09834799E-03
   2.08351039E-03
   2.06875522E-03
   2.05407687E-03
   2.03947793E-03
   2.02496024E-03
   2.01051868E-03
   1.99615536E-03
   1.98187004E-03
   1.96766364E-03
   1.95353618E-03
   1.93948438E-03
   1.92551361E-03
   1.91161921E-03
   1.89780246E-03
   1.88406173E-03
   1.87039934E-03
   1.85681344E-03
   1.84330530E-03
   1.82987202E-03
   1.81651697E-03
   1.80323620E-03
   1.79003319E-03
   1.77690387E-03
   1.76385278E-03
   1.75087852E-03
   1.73797575E-03
   1.72515051E-03
   1.71239977E-03
   1.69972214E-03
   1.68712344E-03
   1.67459482E-03
   1.66213966E-03
   1.64976367E-03
   1.63745799E-03
   1.62522227E-03
   1.61306374E-03
   1.60098064E-03
   1.58896786E-03
   1.57702761E-03
   1.56515837E-03
   1.55336200E-03
   1.54163840E-03
   1.52998604E-03
   1.51840679E-03
   1.50689599E-03
   1.49546005E-03
   1.48409058E-03
   1.47279305E-03
   1.46156619E-03
   1.45040941E-03
   1.43932365E-03
   1.42830412E-03
   1.41735608E-03
   1.40647695E-03
   1.39566534E-03
   1.38492428E-03
   1.37425133E-03
   1.36364589E-03
   1.35310902E-03
   1.34263712E-03
   1.33223401E-03
   1.32190087E-03
   1.31163036E-03
   1.30142691E-03
   1.29129121E-03
   1.28121942E-03
   1.27121492E-03
   1.26127386E-03
   1.25140033E-03
   1.24159188E-03
   1.23184710E-03
   1.22216565E-03
   1.21255044E-03
   1.20299915E-03
   1.19350932E-03
   1.18408352E-03
   1.17472175E-03
   1.16542156E-03
   1.15618377E-03
   1.14700990E-03
   1.13789563E-03
   1.12884375E-03
   1.11985207E-03
   1.11092406E-03
   1.10205356E-03
   1.09324628E-03
   1.08449883E-03
   1.07581192E-03
   1.06718321E-03
   1.05861353E-03
   1.05010264E-03
   1.04165194E-03
   1.03326037E-03
   1.02492468E-03
   1.01664930E-03
   1.00843213E-03
   1.00026908E-03
   9.92167159E-04
   9.84117971E-04
   9.76126757E-04
   9.68193053E-04
   9.60314821E-04
   9.52490896E-04
   9.44723608E-04
   9.37011966E-04
   9.29354574E-04
   9.21751198E-04
   9.14204342E-04
   9.06709116E-04
   8.99267965E-04
   8.91880598E-04
   8.84545851E-04
   8.77265295E-04
   8.70036776E-04
   8.62860004E-04
   8.55733873E-04
   8.48663389E-04
   8.41642090E-04
   8.34670616E-04
   8.27752112E-04
   8.20882909E-04
   8.14065337E-04
   8.07296485E-04
   8.00578680E-04
   7.93909014E-04
   7.87288242E-04
   7.80718459E-04
   7.74196116E-04
   7.67721795E-04
   7.61296833E-04
   7.54918496E-04
   7.48588238E-04
   7.42305710E-04
   7.36069109E-04
   7.29879714E-04
   7.23736477E-04
   7.17640796E-04
   7.11589120E-04
   7.05584476E-04
   6.99623430E-04
   6.93710404E-04
   6.87839638E-04
   6.82013342E-04
   6.76231924E-04
   6.70495210E-04
   6.64802094E-04
   6.59152400E-04
   6.53545198E-04
   6.47981535E-04
   6.42461411E-04
   6.36982848E-04
   6.31545030E-04
   6.26152090E-04
   6.20798673E-04
   6.15485944E-04
   6.10216695E-04
   6.04987610E-04
   5.99797873E-04
   5.94648649E-04
   5.89540461E-04
   5.84470865E-04
   5.79441083E-04
   5.74452337E-04
   5.69502183E-04
   5.64588350E-04
   5.59714856E-04
   5.54880709E-04
   5.50082943E-04
   5.45324117E-04
   5.40601846E-04
   5.35917410E-04
   5.31270518E-04
   5.26659540E-04
   5.22085698E-04
   5.17548062E-04
   5.13045816E-04
   5.08581405E-04
   5.04150521E-04
   4.99756949E-04
   4.95396613E-04
   4.91072482E-04
   4.86782490E-04
   4.82527015E-04
   4.78304544E-04
   4.74118162E-04
   4.69963765E-04
   4.65843041E-04
   4.61757794E-04
   4.57703252E-04
   4.53682471E-04
   4.49693354E-04
   4.45736950E-04
   4.41813667E-04
   4.37920826E-04
   4.34060756E-04
   4.30230750E-04
   4.26434301E-04
   4.22667566E-04
   4.18930344E-04
   4.15224873E-04
   4.11550427E-04
   4.07906133E-04
   4.04291233E-04
   4.00706107E-04
   3.97150056E-04
   3.93624039E-04
   3.90127243E-04
   3.86658387E-04
   3.83219012E-04
   3.79807811E-04
   3.76424548E-04
   3.73069663E-04
   3.69742396E-04
   3.66443739E-04
   3.63172352E-04
   3.59927508E-04
   3.56710167E-04
   3.53518495E-04
   3.50354530E-04
   3.47216468E-04
   3.44105239E-04
   3.41020641E-04
   3.37960926E-04
   3.34926939E-04
   3.31919175E-04
   3.28936294E-04
   3.25978210E-04
   3.23045795E-04
   3.20137799E-04
   3.17254133E-04
   3.14394070E-04
   3.11559066E-04
   3.08748393E-04
   3.05960362E-04
   3.03197477E-04
   3.00458458E-04
   2.97741644E-04
   2.95046339E-04
   2.92376091E-04
   2.89728079E-04
   2.87103758E-04
   2.84500915E-04
   2.81919958E-04
   2.79362168E-04
   2.76824983E-04
   2.74309743E-04
   2.71816301E-04
   2.69343989E-04
   2.66892283E-04
   2.64462898E-04
   2.62054731E-04
   2.59665772E-04
   2.57298758E-04
   2.54952087E-04
   2.52624712E-04
   2.50317855E-04
   2.48031021E-04
   2.45764473E-04
   2.43517148E-04
   2.41289425E-04
   2.39080211E-04
   2.36891254E-04
   2.34721054E-04
   2.32569480E-04
   2.30436839E-04
   2.28322140E-04
   2.26226592E-04
   2.24149189E-04
   2.22089817E-04
   2.20049216E-04
   2.18025074E-04
   2.16019049E-04
   2.14031010E-04
   2.12060433E-04
   2.10106286E-04
   2.08169789E-04
   2.06250814E-04
   2.04348413E-04
   2.02462441E-04
   2.00592825E-04
   1.98739843E-04
   1.96904250E-04
   1.95083005E-04
   1.93279338E-04
   1.91491054E-04
   1.89718048E-04
   1.87961472E-04
   1.86219986E-04
   1.84494711E-04
   1.82783901E-04
   1.81088661E-04
   1.79407711E-04
   1.77742157E-04
   1.76091897E-04
   1.74455607E-04
   1.72834028E-04
   1.71226638E-04
   1.69634528E-04
   1.68056038E-04
   1.66491824E-04
   1.64941070E-04
   1.63404431E-04
   1.61881791E-04
   1.60371957E-04
   1.58876690E-04
   1.57394810E-04
   1.55925445E-04
   1.54469642E-04
   1.53026922E-04
   1.51596469E-04
   1.50179345E-04
   1.48775012E-04
   1.47383442E-04
   1.46003440E-04
   1.44637117E-04
   1.43283280E-04
   1.41940051E-04
   1.40610253E-04
   1.39291602E-04
   1.37985829E-04
   1.36691422E-04
   1.35408671E-04
   1.34137503E-04
   1.32878151E-04
   1.31629189E-04
   1.30392582E-04
   1.29166234E-04
   1.27952066E-04
   1.26748011E-04
   1.25555307E-04
   1.24373240E-04
   1.23202379E-04
   1.22041994E-04
   1.20892015E-04
   1.19752061E-04
   1.18623015E-04
   1.17504147E-04
   1.16395742E-04
   1.15297065E-04
   1.14208691E-04
   1.13130234E-04
   1.12061323E-04
   1.11002817E-04
   1.09953391E-04
   1.08913300E-04
   1.07883418E-04
   1.06862433E-04
   1.05850901E-04
   1.04849067E-04
   1.03855942E-04
   1.02872080E-04
   1.01897102E-04
   1.00931866E-04
   9.99741969E-05
   9.90264380E-05
   9.80870245E-05
   9.71559057E-05
   9.62342092E-05
   9.53200943E-05
   9.44146886E-05
   9.35176431E-05
   9.26288849E-05
   9.17480866E-05
   9.08763323E-05
   9.00115556E-05
   8.91551390E-05
   8.83067405E-05
   8.74660109E-05
   8.66329137E-05
   8.58082349E-05
   8.49902353E-05
   8.41807923E-05
   8.33785089E-05
   8.25830211E-05
   8.17956752E-05
   8.10150450E-05
   8.02427094E-05
   7.94764492E-05
   7.87175668E-05
   7.79657566E-05
   7.72212079E-05
   7.64836295E-05
   7.57524394E-05
   7.50283725E-05
   7.43111304E-05
   7.36001457E-05
   7.28958767E-05
   7.21988035E-05
   7.15073329E-05
   7.08224543E-05
   7.01443787E-05
   6.94725313E-05
   6.88068903E-05
   6.81476522E-05
   6.74942785E-05
   6.68474677E-05
   6.62064340E-05
   6.55713811E-05
   6.49422800E-05
   6.43188323E-05
   6.37014818E-05
   6.30897121E-05
   6.24842069E-05
   6.18839549E-05
   6.12894000E-05
   6.07005095E-05
   6.01172287E-05
   5.95392921E-05
   5.89664305E-05
   5.83993024E-05
   5.78371837E-05
   5.72807221E-05
   5.67294082E-05
   5.61836714E-05
   5.56421219E-05
   5.51065204E-05
   5.45759358E-05
   5.40496549E-05
   5.35289910E-05
   5.30132274E-05
   5.25016840E-05
   5.19956375E-05
   5.14939638E-05
   5.09977035E-05
   5.05053249E-05
   5.00178612E-05
   4.95350723E-05
   4.90567145E-05
   4.85833771E-05
   4.81139868E-05
   4.76493478E-05
   4.71888015E-05
   4.67327300E-05
   4.62809003E-05
   4.58332870E-05
   4.53902576E-05
   4.49511754E-05
   4.45162223E-05
   4.40853546E-05
   4.36591508E-05
   4.32361885E-05
   4.28176245E-05
   4.24032369E-05
   4.19925927E-05
   4.15854884E-05
   4.11828623E-05
   4.07835141E-05
   4.03883896E-05
   3.99970741E-05
   3.96093528E-05
   3.92251932E-05
   3.88447697E-05
   3.84678606E-05
   3.80950005E-05
   3.77250508E-05
   3.73589100E-05
   3.69963673E-05
   3.66370405E-05
   3.62814390E-05
   3.59288169E-05
   3.55798766E-05
   3.52340503E-05
   3.48916765E-05
   3.45525514E-05
   3.42166495E-05
   3.38841273E-05
   3.35546101E-05
   3.32284144E-05
   3.29050126E-05
   3.25852343E-05
   3.22676933E-05
   3.19540668E-05
   3.16428122E-05
   3.13350793E-05
   3.10296818E-05
   3.07277624E-05
   3.04284677E-05
   3.01319469E-05
   2.98385039E-05
   2.95478003E-05
   2.92596415E-05
   2.89745039E-05
   2.86920385E-05
   2.84123853E-05
   2.81353659E-05
   2.78609605E-05
   2.75891525E-05
   2.73197711E-05
   2.70532564E-05
   2.67894411E-05
   2.65278359E-05
   2.62690446E-05
   2.60124307E-05
   2.57582869E-05
   2.55069008E-05
   2.52576410E-05
   2.50110970E-05
   2.47665048E-05
   2.45245919E-05
   2.42850365E-05
   2.40478294E-05
   2.38126577E-05
   2.35797997E-05
   2.33492356E-05
   2.31208105E-05
   2.28947902E-05
   2.26708762E-05
   2.24491923E-05
   2.22292929E-05
   2.20117381E-05
   2.17962261E-05
   2.15831624E-05
   2.13718340E-05
   2.11626411E-05
   2.09552909E-05
   2.07501889E-05
   2.05470424E-05
   2.03454292E-05
   2.01464190E-05
   1.99487822E-05
   1.97534446E-05
   1.95597295E-05
   1.93680171E-05
   1.91781637E-05
   1.89902821E-05
   1.88039721E-05
   1.86193556E-05
   1.84368000E-05
   1.82561616E-05
   1.80769184E-05
   1.78995688E-05
   1.77240963E-05
   1.75499899E-05
   1.73777371E-05
   1.72071977E-05
   1.70382355E-05
   1.68708448E-05
   1.67053731E-05
   1.65412039E-05
   1.63788100E-05
   1.62180586E-05
   1.60585751E-05
   1.59008341E-05
   1.57445756E-05
   1.55897997E-05
   1.54367226E-05
   1.52848697E-05
   1.51345785E-05
   1.49859534E-05
   1.48384006E-05
   1.46927232E-05
   1.45482190E-05
   1.44051110E-05
   1.42633835E-05
   1.41231403E-05
   1.39841477E-05
   1.38463947E-05
   1.37103207E-05
   1.35754663E-05
   1.34416023E-05
   1.33093836E-05
   1.31784700E-05
   1.30488470E-05
   1.29201826E-05
   1.27930125E-05
   1.26670002E-05
   1.25423521E-05
   1.24188455E-05
   1.22963665E-05
   1.21751164E-05
   1.20551922E-05
   1.19363795E-05
   1.18189755E-05
   1.17022482E-05
   1.15869161E-05
   1.14726581E-05
   1.13595725E-05
   1.12476428E-05
   1.11366662E-05
   1.10267329E-05
   1.09182338E-05
   1.08103686E-05
   1.07038204E-05
   1.05982817E-05
   1.04936535E-05
   1.03901211E-05
   1.02873873E-05
   1.01860214E-05
   1.00855377E-05
   9.98582982E-06
   9.88746524E-06
   9.78967910E-06
   9.69293342E-06
   9.59741010E-06
   9.50263529E-06
   9.40860264E-06
   9.31576687E-06
   9.22393610E-06
   9.13264557E-06
   9.04253284E-06
   8.95312860E-06
   8.86461385E-06
   8.77715865E-06
   8.69039832E-06
   8.60450746E-06
   8.51956429E-06
   8.43530233E-06
   8.35180435E-06
   8.26940686E-06
   8.18750323E-06
   8.10660003E-06
   8.02643808E-06
   7.94700918E-06
   7.86839246E-06
   7.79074981E-06
   7.71349187E-06
   7.63727803E-06
   7.56177178E-06
   7.48696539E-06
   7.41285521E-06
   7.33943762E-06
   7.26686812E-06
   7.19489753E-06
   7.12376277E-06
   7.05313914E-06
   6.98334043E-06
   6.91428022E-06
   6.84572115E-06
   6.77796697E-06
   6.71085945E-06
   6.64439176E-06
   6.57871624E-06
   6.51351729E-06
   6.44886995E-06
   6.38514848E-06
   6.32181764E-06
   6.25925031E-06
   6.19714183E-06
   6.13578686E-06
   6.07495622E-06
   6.01472266E-06
   5.95522442E-06
   5.89609408E-06
   5.83769224E-06
   5.77993842E-06
   5.72254112E-06
   5.66578910E-06
   5.60952867E-06
   5.55397128E-06
   5.49896959E-06
   5.44438035E-06
   5.39033954E-06
   5.33691491E-06
   5.28409782E-06
   5.23161134E-06
   5.17979515E-06
   5.12837005E-06
   5.07746972E-06
   5.02695639E-06
   4.97716383E-06
   4.92775098E-06
   4.87884699E-06
   4.83044914E-06
   4.78261836E-06
   4.73515547E-06
   4.68818780E-06
   4.64151844E-06
   4.59559351E-06
   4.54995916E-06
   4.50474272E-06
   4.46000331E-06
   4.41573866E-06
   4.37188237E-06
   4.32842853E-06
   4.28550311E-06
   4.24285099E-06
   4.20071819E-06
   4.15897784E-06
   4.11781002E-06
   4.07690686E-06
   4.03644708E-06
   3.99618648E-06
   3.95654570E-06
   3.91722006E-06
   3.87838554E-06
   3.83974248E-06
   3.80164192E-06
   3.76378853E-06
   3.72652835E-06
   3.68945348E-06
   3.65273286E-06
   3.61642515E-06
   3.58041052E-06
   3.54491317E-06
   3.50964842E-06
   3.47489481E-06
   3.44025693E-06
   3.40601241E-06
   3.37226811E-06
   3.33863636E-06
   3.30544549E-06
   3.27252747E-06
   3.23998847E-06
   3.20788013E-06
   3.17587728E-06
   3.14430099E-06
   3.11314466E-06
   3.08208973E-06
   3.05145204E-06
   3.02107014E-06
   2.99109956E-06
   2.96122471E-06
   2.93175526E-06
   2.90253547E-06
   2.87376633E-06
   2.84508860E-06
   2.81680627E-06
   2.78876382E-06
   2.76101059E-06
   2.73359365E-06
   2.70636133E-06
   2.67941255E-06
   2.65269455E-06
   2.62635399E-06
   2.60009483E-06
   2.57425540E-06
   2.54859219E-06
   2.52329551E-06
   2.49821846E-06
   2.47331332E-06
   2.44867283E-06
   2.42424767E-06
   2.40008399E-06
   2.37617928E-06
   2.35253219E-06
   2.32909360E-06
   2.30586329E-06
   2.28297426E-06
   2.26024417E-06
   2.23771735E-06
   2.21539108E-06
   2.19331014E-06
   2.17151501E-06
   2.14982902E-06
   2.12842542E-06
   2.10712892E-06
   2.08615438E-06
   2.06537152E-06
   2.04477669E-06
   2.02441265E-06
   2.00423619E-06
   1.98428506E-06
   1.96443352E-06
   1.94489166E-06
   1.92552898E-06
   1.90626292E-06
   1.88725789E-06
   1.86855300E-06
   1.84989904E-06
   1.83146051E-06
   1.81319331E-06
   1.79509880E-06
   1.77721245E-06
   1.75945695E-06
   1.74194781E-06
   1.72452633E-06
   1.70734756E-06
   1.69037196E-06
   1.67351936E-06
   1.65678910E-06
   1.64029518E-06
   1.62388415E-06
   1.60774573E-06
   1.59168587E-06
   1.57578268E-06
   1.56007127E-06
   1.54451209E-06
   1.52914174E-06
   1.51384825E-06
   1.49877712E-06
   1.48378172E-06
   1.46900629E-06
   1.45430477E-06
   1.43982015E-06
   1.42551517E-06
   1.41124519E-06
   1.39718929E-06
   1.38327266E-06
   1.36942606E-06
   1.35578807E-06
   1.34225240E-06
   1.32881860E-06
   1.31555669E-06
   1.30246224E-06
   1.28946681E-06
   1.27660451E-06
   1.26383952E-06
   1.25123938E-06
   1.23876839E-06
   1.22635902E-06
   1.21411153E-06
   1.20192533E-06
   1.19002857E-06
   1.17815887E-06
   1.16631600E-06
   1.15472528E-06
   1.14319243E-06
   1.13178021E-06
   1.12045814E-06
   1.10925441E-06
   1.09823225E-06
   1.08726510E-06
   1.07635299E-06
   1.06561890E-06
   1.05500089E-06
   1.04440437E-06
   1.03401362E-06
   1.02373463E-06
   1.01347723E-06
   1.00339082E-06
   9.93355229E-07
   9.83398991E-07
   9.73610554E-07
   9.63871003E-07
   9.54239340E-07
   9.44713577E-07
   9.35235335E-07
   9.25891186E-07
   9.16622184E-07
   9.07542926E-07
   8.98451503E-07
   8.89461830E-07
   8.80573111E-07
   8.71785971E-07
   8.63097682E-07
   8.54424172E-07
   8.45932391E-07
   8.37482958E-07
   8.29075930E-07
   8.20819366E-07
   8.12604412E-07
   8.04456874E-07
   7.96430754E-07
   7.88470800E-07
   7.80604012E-07
   7.72802593E-07
   7.65066432E-07
   7.57421276E-07
   7.49865649E-07
   7.42348107E-07
   7.34945161E-07
   7.27554323E-07
   7.20326852E-07
   7.13110751E-07
   7.05980256E-07
   6.98936276E-07
   6.91951811E-07
   6.85002703E-07
   6.78162280E-07
   6.71380633E-07
   6.64632807E-07
   6.58015949E-07
   6.51432003E-07
   6.44953388E-07
   6.38530764E-07
   6.32116553E-07
   6.25829330E-07
   6.19502600E-07
   6.13324744E-07
   6.07177583E-07
   6.01108297E-07
   5.95138715E-07
   5.89152762E-07
   5.83265205E-07
   5.77430001E-07
   5.71669602E-07
   5.65959965E-07
   5.60301373E-07
   5.54671203E-07
   5.49135962E-07
   5.43649946E-07
   5.38213328E-07
   5.32826448E-07
   5.27487884E-07
   5.22219068E-07
   5.16998512E-07
   5.11803364E-07
   5.06720369E-07
   5.01620093E-07
   4.96608777E-07
   4.91643164E-07
   4.86744682E-07
   4.81849440E-07
   4.77082438E-07
   4.72235882E-07
   4.67537006E-07
   4.62861578E-07
   4.58250440E-07
   4.53661528E-07
   4.49116101E-07
   4.44633315E-07
   4.40172585E-07
   4.35774297E-07
   4.31397098E-07
   4.27062247E-07
   4.22807659E-07
   4.18535365E-07
   4.14400290E-07
   4.10228267E-07
   4.06134518E-07
   4.02060522E-07
   3.98045842E-07
   3.94050517E-07
   3.90131163E-07
   3.86194216E-07
   3.82314425E-07
   3.78509412E-07
   3.74686607E-07
   3.70974476E-07
   3.67262203E-07
   3.63604954E-07
   3.59947336E-07
   3.56326922E-07
   3.52759514E-07
   3.49245767E-07
   3.45714227E-07
   3.42270368E-07
   3.38826595E-07
   3.35469053E-07
   3.32111426E-07
   3.28753089E-07
   3.25446166E-07
   3.22223599E-07
   3.19000435E-07
   3.15793443E-07
   3.12619164E-07
   3.09510824E-07
   3.06400977E-07
   3.03339874E-07
   3.00294460E-07
   2.97264052E-07
   2.94298047E-07
   2.91346737E-07
   2.88426122E-07
   2.85535975E-07
   2.82707902E-07
   2.79846802E-07
   2.77063492E-07
   2.74293427E-07
   2.71521913E-07
   2.68826255E-07
   2.66128836E-07
   2.63475300E-07
   2.60820002E-07
   2.58223764E-07
   2.55610018E-07
   2.53054708E-07
   2.50512244E-07
   2.48012611E-07
   2.45524859E-07
   2.43094519E-07
   2.40646898E-07
   2.38240261E-07
   2.35831408E-07
   2.33492386E-07
   2.31150850E-07
   2.28835376E-07
   2.26560047E-07
   2.24267595E-07
   2.22014563E-07
   2.19787339E-07
   2.17585082E-07
   2.15421878E-07
   2.13283073E-07
   2.11127286E-07
   2.09009983E-07
   2.06916752E-07
   2.04834208E-07
   2.02802454E-07
   2.00753846E-07
   1.98742470E-07
   1.96754314E-07
   1.94802865E-07
   1.92834548E-07
   1.90915429E-07
   1.88979726E-07
   1.87079934E-07
   1.85228487E-07
   1.83360328E-07
   1.81514196E-07
   1.79690431E-07
   1.77913321E-07
   1.76120011E-07
   1.74373525E-07
   1.72622833E-07
   1.70905878E-07
   1.69160742E-07
   1.67473189E-07
   1.65806625E-07
   1.64147892E-07
   1.62510005E-07
   1.60867870E-07
   1.59258121E-07
   1.57668154E-07
   1.56074535E-07
   1.54524400E-07
   1.52969847E-07
   1.51435103E-07
   1.49907763E-07
   1.48423055E-07
   1.46933985E-07
   1.45452532E-07
   1.44001291E-07
   1.42545758E-07
   1.41120211E-07
   1.39701854E-07
   1.38324125E-07
   1.36930822E-07
   1.35556007E-07
   1.34187559E-07
   1.32847987E-07
   1.31525965E-07
   1.30199794E-07
   1.28891045E-07
   1.27599762E-07
   1.26325475E-07
   1.25078543E-07
   1.23827306E-07
   1.22561374E-07
   1.21343803E-07
   1.20100793E-07
   1.18915978E-07
   1.17726813E-07
   1.16553686E-07
   1.15365985E-07
   1.14204710E-07
   1.13059343E-07
   1.11939777E-07
   1.10825894E-07
   1.09707294E-07
   1.08614216E-07
   1.07506970E-07
   1.06444581E-07
   1.05377495E-07
   1.04306359E-07
   1.03269414E-07
   1.02218507E-07
   1.01201408E-07
   1.00189496E-07
   9.91918512E-08
   9.81899575E-08
   9.72212248E-08
   9.62385087E-08
   9.52793684E-08
   9.43066425E-08
   9.33663102E-08
   9.24305965E-08
   9.15085181E-08
   9.05822759E-08
   8.96875179E-08
   8.87793519E-08
   8.78935680E-08
   8.70031585E-08
   8.61527170E-08
   8.52625845E-08
   8.44207193E-08
   8.35740508E-08
   8.27490680E-08
   8.19109403E-08
   8.10769905E-08
   8.02727200E-08
   7.94812109E-08
   7.86680232E-08
   7.78759102E-08
   7.71126238E-08
   7.63284049E-08
   7.55562084E-08
   7.48044897E-08
   7.40480885E-08
   7.33039300E-08
   7.25713960E-08
   7.18504367E-08
   7.11252994E-08
   7.04197305E-08
   6.97096567E-08
   6.90267470E-08
   6.83236649E-08
   6.76399239E-08
   6.69595366E-08
   6.62747652E-08
   6.56167174E-08
   6.49617249E-08
   6.43099369E-08
   6.36692690E-08
   6.30240109E-08
   6.23971630E-08
   6.17806961E-08
   6.11451867E-08
   6.05350365E-08
   5.99278565E-08
   5.93384932E-08
   5.87302154E-08
   5.81464832E-08
   5.75729615E-08
   5.70023602E-08
   5.64132918E-08
   5.58553737E-08
   5.52933699E-08
   5.47411076E-08
   5.41915384E-08
   5.36447473E-08
   5.31007984E-08
   5.25801909E-08
   5.20483354E-08
   5.15329290E-08
   5.09997520E-08
   5.04961264E-08
   4.99816117E-08
   4.94765651E-08
   4.89805387E-08
   4.85068341E-08
   4.80093156E-08
   4.75271449E-08
   4.70474824E-08
   4.65832457E-08
   4.61149057E-08
   4.56553053E-08
   4.51914062E-08
   4.47426807E-08
   4.42899868E-08
   4.38395276E-08
   4.34037233E-08
   4.29764668E-08
   4.25388365E-08
   4.21158717E-08
   4.16946975E-08
   4.12819503E-08
   4.08652951E-08
   4.04504377E-08
   4.00497449E-08
   3.96452435E-08
   3.92486328E-08
   3.88540187E-08
   3.84613372E-08
   3.80767062E-08
   3.76937699E-08
   3.73243374E-08
   3.69452096E-08
   3.65795358E-08
   3.62041632E-08
   3.58421843E-08
   3.54875773E-08
   3.51291476E-08
   3.47725972E-08
   3.44287443E-08
   3.40812214E-08
   3.37354606E-08
   3.34024044E-08
   3.30601111E-08
   3.27411485E-08
   3.24022693E-08
   3.20811608E-08
   3.17616511E-08
   3.14383470E-08
   3.11221200E-08
   3.08180645E-08
   3.04995567E-08
   3.02036867E-08
   2.98988496E-08
   2.95954976E-08
   2.92937496E-08
   2.90038038E-08
   2.87100921E-08
   2.84279729E-08
   2.81371992E-08
   2.78530479E-08
   2.75752363E-08
   2.73085075E-08
   2.70334315E-08
   2.67498983E-08
   2.64922040E-08
   2.62212811E-08
   2.59612527E-08
   2.57026667E-08
   2.54452281E-08
   2.51844057E-08
   2.49344367E-08
   2.46808334E-08
   2.44379912E-08
   2.41869316E-08
   2.39465372E-08
   2.37073436E-08
   2.34738184E-08
   2.32370034E-08
   2.30013892E-08
   2.27714256E-08
   2.25426167E-08
   2.23149144E-08
   2.20884164E-08
   2.18719798E-08
   2.16520384E-08
   2.14289386E-08
   2.12200124E-08
   2.09992042E-08
   2.07923883E-08
   2.05866435E-08
   2.03732800E-08
   2.01696242E-08
   1.99669916E-08
   1.97695282E-08
   1.95730472E-08
   1.93733953E-08
   1.91788967E-08
   1.89936777E-08
   1.88010549E-08
   1.86094589E-08
   1.84270164E-08
   1.82373405E-08
   1.80525639E-08
   1.78728783E-08
   1.76980155E-08
   1.75160420E-08
   1.73429378E-08
   1.71667871E-08
   1.69954220E-08
   1.68287411E-08
   1.66590759E-08
   1.64902278E-08
   1.63183564E-08
   1.61626925E-08
   1.59964273E-08
   1.58384026E-08
   1.56850515E-08
   1.55249413E-08
   1.53619570E-08
   1.52071458E-08
   1.50568891E-08
   1.49036268E-08
   1.47548809E-08
   1.46066927E-08
   1.44594381E-08
   1.43164591E-08
   1.41813619E-08
   1.40326328E-08
   1.38917855E-08
   1.37480072E-08
   1.36156242E-08
   1.34768907E-08
   1.33422740E-08
   1.32082949E-08
   1.30750291E-08
   1.29492914E-08
   1.28173054E-08
   1.26827473E-08
   1.25621833E-08
   1.24322259E-08
   1.23062165E-08
   1.21842403E-08
   1.20594610E-08
   1.19387167E-08
   1.18217862E-08
   1.17022410E-08
   1.15831700E-08
   1.14679626E-08
   1.13533662E-08
   1.12393117E-08
   1.11290115E-08
   1.10160912E-08
   1.09038156E-08
   1.07951106E-08
   1.06869837E-08
   1.05763354E-08
   1.04723314E-08
   1.03689652E-08
   1.02629993E-08
   1.01636486E-08
   1.00587396E-08
   9.95437599E-09
   9.85345139E-09
   9.76205605E-09
   9.66214486E-09
   9.56575263E-09
   9.47271417E-09
   9.38013045E-09
   9.27935773E-09
   9.18772614E-09
   9.09651732E-09
   9.00008068E-09
   8.91831231E-09
   8.82005757E-09
   8.73345307E-09
   8.65016503E-09
   8.55885851E-09
   8.47357917E-09
   8.39421332E-09
   8.30707236E-09
   8.22041635E-09
   8.13681478E-09
   8.05366973E-09
   7.97632982E-09
   7.90195465E-09
   7.82002196E-09
   7.73851561E-09
   7.65743735E-09
   7.58202745E-09
   7.50954676E-09
   7.43219442E-09
   7.35790495E-09
   7.28650607E-09
   7.20780990E-09
   7.13963644E-09
   7.06176673E-09
   6.99685865E-09
   6.92723789E-09
   6.85796531E-09
   6.79147050E-09
   6.71794531E-09
   6.64972966E-09
   6.58186217E-09
   6.51669740E-09
   6.45672005E-09
   6.38984732E-09
   6.32566799E-09
   6.25947916E-09
   6.20070084E-09
   6.13517104E-09
   6.07228667E-09
   6.01198780E-09
   5.95438543E-09
   5.89243720E-09
   5.83541215E-09
   5.78090642E-09
   5.71986947E-09
   5.65915670E-09
   5.60778490E-09
   5.54984236E-09
   5.49222623E-09
   5.43935119E-09
   5.38456790E-09
   5.32781863E-09
   5.27797628E-09
   5.22179189E-09
   5.17023846E-09
   5.12102716E-09
   5.06997466E-09
   5.01917796E-09
   4.96437069E-09
   4.91410690E-09
   4.86409890E-09
   4.81434670E-09
   4.77104489E-09
   4.72179496E-09
   4.67277816E-09
   4.62599958E-09
   4.57947902E-09
   4.53319382E-09
   4.49115634E-09
   4.44532056E-09
   4.39972014E-09
   4.35240866E-09
   4.30930536E-09
   4.27026992E-09
   4.22557811E-09
   4.18112167E-09
   4.14077483E-09
   4.10249124E-09
   4.06056744E-09
   4.01699030E-09
   3.97742461E-09
   3.93614741E-09
   3.89702226E-09
   3.85807342E-09
   3.82114296E-09
   3.78257692E-09
   3.74412901E-09
   3.70593378E-09
   3.66974051E-09
   3.63372488E-09
   3.59788688E-09
   3.56222651E-09
   3.52314888E-09
   3.48786156E-09
   3.45277096E-09
   3.41781980E-09
   3.38306538E-09
   3.35019523E-09
   3.31748584E-09
   3.28324656E-09
   3.25430038E-09
   3.22037153E-09
   3.18665672E-09
   3.15473914E-09
   3.12135251E-09
   3.08814352E-09
   3.06009129E-09
   3.02883318E-09
   2.99610337E-09
   2.97006197E-09
   2.93926838E-09
   2.91188451E-09
   2.88139468E-09
   2.85428259E-09
   2.82407919E-09
   2.79405388E-09
   2.76418932E-09
   2.73763501E-09
   2.70960943E-09
   2.68331890E-09
   2.65715716E-09
   2.63112421E-09
   2.60364930E-09
   2.57937716E-09
   2.55068588E-09
   2.52518051E-09
   2.50127785E-09
   2.47300891E-09
   2.44935494E-09
   2.42581466E-09
   2.40237252E-09
   2.37612330E-09
   2.35293829E-09
   2.32986697E-09
   2.30690933E-09
   2.28267183E-09
   2.26281394E-09
   2.23733920E-09
   2.21484342E-09
   2.19246132E-09
   2.17019291E-09
   2.14803819E-09
   2.12599716E-09
   2.10675966E-09
   2.08493178E-09
   2.06454276E-09
   2.04293515E-09
   2.02276773E-09
   2.00407513E-09
   1.98410044E-09
   1.96291916E-09
   1.94315142E-09
   1.92219041E-09
   1.90525684E-09
   1.88711846E-09
   1.86773619E-09
   1.85104598E-09
   1.82801196E-09
   1.80893700E-09
   1.79375981E-09
   1.77362303E-09
   1.75734538E-09
   1.73864345E-09
   1.71875669E-09
   1.70275793E-09
   1.68682179E-09
   1.67096115E-09
   1.65272640E-09
   1.63702740E-09
   1.62259095E-09
   1.60462266E-09
   1.58915459E-09
   1.57254210E-09
   1.55722946E-09
   1.54197943E-09
   1.52796931E-09
   1.51168011E-09
   1.49666768E-09
   1.48054724E-09
   1.46681955E-09
   1.44972656E-09
   1.43502499E-09
   1.42152246E-09
   1.40696566E-09
   1.39133727E-09
   1.38026701E-09
   1.36478784E-09
   1.35274014E-09
   1.33961997E-09
   1.32435796E-09
   1.31245637E-09
   1.29845867E-09
   1.28666233E-09
   1.27386723E-09
   1.26113608E-09
   1.24845778E-09
   1.23478694E-09
   1.22121024E-09
   1.20977184E-09
   1.19944943E-09
   1.18502363E-09
   1.17580878E-09
   1.16053123E-09
   1.15042198E-09
   1.13833609E-09
   1.12832632E-09
   1.11733112E-09
   1.10540999E-09
   1.09451648E-09
   1.08271792E-09
   1.07098330E-09
   1.06123288E-09
   1.05156772E-09
   1.04095443E-09
   1.03038511E-09
   1.01988018E-09
   1.01040509E-09
   1.00000230E-09
   9.90582283E-10
   9.79359260E-10
   9.70983738E-10
   9.60787006E-10
   9.50644452E-10
   9.39650580E-10
   9.31455801E-10
   9.21478893E-10
   9.09765152E-10
   9.02588670E-10
   8.94558205E-10
   8.86564155E-10
   8.75948647E-10
   8.67132588E-10
   8.59261995E-10
   8.51427817E-10
   8.41880343E-10
   8.34126102E-10
   8.24676327E-10
   8.17002022E-10
   8.08487943E-10
   8.01714251E-10
   7.91620991E-10
   7.84927678E-10
   7.75762121E-10
   7.68318742E-10
   7.61724905E-10
   7.53497265E-10
   7.44518225E-10
   7.38027417E-10
   7.30767002E-10
   7.21924742E-10
   7.17144566E-10
   7.08384906E-10
   7.02053971E-10
   6.95751456E-10
   6.88703317E-10
   6.82461199E-10
   6.76247502E-10
   6.69299727E-10
   6.61595667E-10
   6.55486332E-10
   6.49396981E-10
   6.42588649E-10
   6.34297947E-10
   6.28308072E-10
   6.21611651E-10
   6.17179641E-10
   6.09781114E-10
   6.03908479E-10
   5.98064265E-10
   5.90774540E-10
   5.84281512E-10
   5.78533221E-10
   5.72813352E-10
   5.67824010E-10
   5.62149882E-10
   5.55788304E-10
   5.52280888E-10
   5.46692469E-10
   5.41132472E-10
   5.35600897E-10
   5.30104405E-10
   5.24629673E-10
   5.19183363E-10
   5.14434717E-10
   5.09041698E-10
   5.05028908E-10
   4.99685626E-10
   4.94370767E-10
   4.89736696E-10
   4.84475127E-10
   4.79888129E-10
   4.74679851E-10
   4.70805617E-10
   4.65647076E-10
   4.60516958E-10
   4.55415261E-10
   4.52248461E-10
   4.47192949E-10
   4.42165859E-10
   4.37783143E-10
   4.32809344E-10
   4.28473701E-10
   4.24160262E-10
   4.20499191E-10
   4.16225721E-10
   4.11967793E-10
   4.07143208E-10
   4.04148714E-10
   3.98757027E-10
   3.95200317E-10
   3.91058297E-10
   3.88123311E-10
   3.84018595E-10
   3.79360987E-10
   3.76470410E-10
   3.72433639E-10
   3.67847086E-10
   3.65564468E-10
   3.61020547E-10
   3.58201024E-10
   3.54257956E-10
   3.51465079E-10
   3.47559315E-10
   3.43675755E-10
   3.40380613E-10
   3.37643691E-10
   3.33815198E-10
   3.30008909E-10
   3.27313732E-10
   3.24630101E-10
   3.20876214E-10
   3.18219229E-10
   3.14502646E-10
   3.11872306E-10
   3.08193027E-10
   3.04535952E-10
   3.01947356E-10
   2.99873903E-10
   2.96266567E-10
   2.92681435E-10
   2.90645730E-10
   2.87090351E-10
   2.83562063E-10
   2.81558332E-10
   2.77572187E-10
   2.75589773E-10
   2.72133427E-10
   2.70166556E-10
   2.66744848E-10
   2.64320565E-10
   2.61911826E-10
   2.58542521E-10
   2.56156429E-10
   2.53781884E-10
   2.51423771E-10
   2.49072318E-10
   2.47200482E-10
   2.43926213E-10
   2.41153320E-10
   2.39305908E-10
   2.36536568E-10
   2.34256170E-10
   2.32435404E-10
   2.29260610E-10
   2.27459385E-10
   2.26131114E-10
   2.23438157E-10
   2.21660024E-10
   2.18559837E-10
   2.16368257E-10
   2.14618545E-10
   2.12875939E-10
   2.10258921E-10
   2.08109086E-10
   2.06393125E-10
   2.04684270E-10
   2.02563744E-10
   2.00011563E-10
   1.98329353E-10
   1.96654248E-10
   1.94986249E-10
   1.92484695E-10
   1.90838456E-10
   1.88785876E-10
   1.86329174E-10
   1.85524485E-10
   1.83089099E-10
   1.80668369E-10
   1.78673965E-10
   1.77478032E-10
   1.75501391E-10
   1.73133063E-10
   1.72355019E-10
   1.70010228E-10
   1.68459469E-10
   1.66143099E-10
   1.65379266E-10
   1.63084213E-10
   1.62327485E-10
   1.60436997E-10
   1.58932867E-10
   1.57062807E-10
   1.56692881E-10
   1.54092294E-10
   1.53360435E-10
   1.51147095E-10
   1.50065294E-10
   1.48608681E-10
   1.47159174E-10
   1.45716772E-10
   1.44286361E-10
   1.42506895E-10
   1.41807011E-10
   1.39675382E-10
   1.38988376E-10
   1.37586831E-10
   1.35850886E-10
   1.34465328E-10
   1.33086875E-10
   1.32051703E-10
   1.30679911E-10
   1.30345512E-10
   1.28300925E-10
   1.27285293E-10
   1.25939259E-10
   1.23931976E-10
   1.23604682E-10
   1.22283073E-10
   1.20301991E-10
   1.19979138E-10
   1.18021592E-10
   1.17701404E-10
   1.15760290E-10
   1.15126131E-10
   1.13524301E-10
   1.12895471E-10
   1.11942455E-10
   1.10996101E-10
   1.09434239E-10
   1.08498543E-10
   1.07259090E-10
   1.05718101E-10
   1.05107478E-10
   1.04191322E-10
   1.02372333E-10
   1.02071684E-10
   1.00870423E-10
   9.99738070E-11
   9.90816318E-11
   9.78985781E-11
   9.70161729E-11
   9.64299751E-11
   9.55537871E-11
   9.43938261E-11
   9.35274080E-11
   9.26654309E-11
   9.15214571E-11
   9.09512465E-11
   8.95377106E-11
   8.89728291E-11
   8.86917206E-11
   8.70166161E-11
   8.64606164E-11
   8.56297255E-11
   8.45301606E-11
   8.42561576E-11
   8.37108161E-11
   8.26241298E-11
   8.15441048E-11
   8.12763190E-11
   8.07434120E-11
   7.91424704E-11
   7.88791255E-11
   7.83573206E-11
   7.73057174E-11
   7.65192354E-11
   7.60040919E-11
   7.54956098E-11
   7.41966488E-11
   7.36903871E-11
   7.34385885E-11
   7.24247329E-11
   7.19273530E-11
   7.11666281E-11
   7.01647629E-11
   6.99249547E-11
   6.89319712E-11
   6.81872336E-11
   6.77058409E-11
   6.69624356E-11
   6.62283561E-11
   6.57540689E-11
   6.50262066E-11
   6.43027853E-11
   6.38356035E-11
   6.31183994E-11
   6.26370067E-11
   6.21751539E-11
   6.14677198E-11
   6.05369088E-11
   6.03099792E-11
   5.96132033E-11
   5.89208682E-11
   5.84732263E-11
   5.77871084E-11
   5.68847192E-11
   5.62083713E-11
   5.59894353E-11
   5.53184165E-11
   5.48849854E-11
   5.40056888E-11
   5.35598232E-11
   5.26911847E-11
   5.24793542E-11
   5.18296517E-11
   5.09752240E-11
   5.07669462E-11
   5.03312947E-11
   4.99174035E-11
   4.92836882E-11
   4.86544138E-11
   4.80295803E-11
   4.74060791E-11
   4.72040185E-11
   4.65889549E-11
   4.59783323E-11
   4.55804283E-11
   4.55804283E-11
   4.49760229E-11
   4.47770709E-11
   4.43738379E-11
   4.35833591E-11
   4.29931646E-11
   4.26005897E-11
   4.22151203E-11
   4.16333634E-11
   4.16333634E-11
   4.08677536E-11
   4.08677536E-11
   4.01092493E-11
   3.97308852E-11
   3.95439237E-11
   3.89825949E-11
   3.86131127E-11
   3.82418541E-11
   3.76907394E-11
   3.75082188E-11
   3.69624331E-11
   3.67816888E-11
   3.62412322E-11
   3.58841845E-11
   3.57069929E-11
   3.53517216E-11
   3.49982265E-11
   3.44719808E-11
   3.42965656E-11
   3.37756489E-11
   3.32591732E-11
   3.30864225E-11
   3.29145600E-11
   3.24043015E-11
   3.22342153E-11
   3.17292859E-11
   3.15591997E-11
   3.12252446E-11
   3.08930659E-11
   3.07274206E-11
   3.05626635E-11
   3.03992387E-11
   2.99071878E-11
   2.97455394E-11
   2.92592617E-11
   2.90989455E-11
   2.87809776E-11
   2.83031376E-11
   2.81463741E-11
   2.79904988E-11
   2.78355117E-11
   2.76836332E-11
   2.72124545E-11
   2.70601319E-11
   2.65942823E-11
   2.64468447E-11
   2.62971867E-11
   2.61484168E-11
   2.58375543E-11
   2.56896726E-11
   2.52353693E-11
   2.50892640E-11
   2.50892640E-11
   2.46402898E-11
   2.44959608E-11
   2.40523157E-11
   2.40523157E-11
   2.39066544E-11
   2.34683384E-11
   2.33275621E-11
   2.30344632E-11
   2.31876740E-11
   2.27555752E-11
   2.23279173E-11
   2.21906937E-11
   2.21906937E-11
   2.19047003E-11
   2.16329177E-11
   2.13504769E-11
   2.12159179E-11
   2.10822471E-11
   2.08033590E-11
   2.05386819E-11
   2.02633466E-11
   2.02633466E-11
   2.01323402E-11
   1.97304395E-11
   1.96012095E-11
   1.96012095E-11
   1.90771843E-11
   1.90771843E-11
   1.89506189E-11
   1.85602644E-11
   1.85602644E-11
   1.84354754E-11
   1.80504500E-11
   1.79274373E-11
   1.76698656E-11
   1.75477410E-11
   1.74265047E-11
   1.71724857E-11
   1.70521375E-11
   1.69326775E-11
   1.66822112E-11
   1.65636393E-11
   1.65636393E-11
   1.61990421E-11
   1.60822466E-11
   1.60822466E-11
   1.57229785E-11
   1.56079594E-11
   1.56079594E-11
   1.52540203E-11
   1.52540203E-11
   1.52540203E-11
   1.51407775E-11
   1.47921675E-11
   1.46807011E-11
   1.44479984E-11
   1.43374201E-11
   1.43374201E-11
   1.42277301E-11
   1.39985801E-11
   1.39985801E-11
   1.37818645E-11
   1.37818645E-11
   1.35562672E-11
   1.34492417E-11
   1.31210598E-11
   1.31210598E-11
   1.31210598E-11
   1.29092292E-11
   1.29092292E-11
   1.26907373E-11
   1.25872646E-11
   1.23723254E-11
   1.24846800E-11
   1.21680443E-11
   1.19566579E-11
   1.18558496E-11
   1.18558496E-11
   1.17559296E-11
   1.17559296E-11
   1.14490639E-11
   1.13509202E-11
   1.13509202E-11
   1.10493836E-11
   1.09530163E-11
   1.09530163E-11
   1.07522879E-11
   1.06568088E-11
   1.06568088E-11
   1.02713393E-11
   1.02713393E-11
   1.01785247E-11
   1.01785247E-11
   1.01785247E-11
   9.89297533E-12
   9.80193704E-12
   9.52171675E-12
   9.52171675E-12
   9.43245482E-12
   9.43245482E-12
   9.24593735E-12
   9.15756360E-12
   9.15756360E-12
   9.07007802E-12
   8.80051587E-12
   8.71480665E-12
   8.53539461E-12
   8.53539461E-12
   8.45057357E-12
   8.27471425E-12
   8.10773670E-12
   8.10773670E-12
   8.10773670E-12
   7.85327359E-12
   7.77200526E-12
   7.77200526E-12
   7.52287121E-12
   7.52287121E-12
   7.44337925E-12
   7.19957427E-12
   7.19957427E-12
   7.19957427E-12
   7.12185866E-12
   6.96021019E-12
   6.80744350E-12
   6.80744350E-12
   6.73239242E-12
   6.57429666E-12
   6.50013376E-12
   6.34425845E-12
   6.34425845E-12
   6.27098373E-12
   6.04760686E-12
   6.19859719E-12
   6.04760686E-12
   5.82867088E-12
   5.75806069E-12
   5.75806069E-12
   5.75806069E-12
   5.61950486E-12
   5.47561996E-12
   5.47561996E-12
   5.40767431E-12
   5.26734212E-12
   5.20028465E-12
   5.06350517E-12
   5.06350517E-12
   4.99733588E-12
   4.99689179E-12
   4.93161068E-12
   4.66870986E-12
   4.73399098E-12
   4.60431693E-12
   4.60431693E-12
   4.54081217E-12
   4.54081217E-12
   4.35207426E-12
   4.35207426E-12
   4.35207426E-12
   4.10693701E-12
   4.10693701E-12
   4.10693701E-12
   3.98969746E-12
   3.92796906E-12
   4.04698497E-12
   3.86890520E-12
   3.87068155E-12
   3.87068155E-12
   3.75521836E-12
   3.75344200E-12
   3.63797881E-12
   3.63975516E-12
   3.58157948E-12
   3.46966900E-12
   3.41415785E-12
   3.52606833E-12
   3.41415785E-12
   3.41415785E-12
   3.35997896E-12
   3.35953487E-12
   3.30624417E-12
   3.25295346E-12
   3.19744231E-12
   3.14459569E-12
   3.14503978E-12
   3.09308135E-12
   3.09308135E-12
   3.09308135E-12
   3.04334336E-12
   2.99182901E-12
   2.93720603E-12
   2.88702395E-12
   2.88702395E-12
   2.88702395E-12
   2.83906232E-12
   2.83906232E-12
   2.83906232E-12
   2.83906232E-12
   2.83906232E-12
   2.79065659E-12
   2.83773005E-12
   2.73647771E-12
   2.68807199E-12
   2.68807199E-12
   2.68807199E-12
   2.68807199E-12
   2.68807199E-12
   2.64055444E-12
   2.64055444E-12
   2.64055444E-12
   2.49622545E-12
   2.49622545E-12
   2.49622545E-12
   2.49622545E-12
   2.49622545E-12
   2.49622545E-12
   2.49622545E-12
   2.45048426E-12
   2.45048426E-12
   2.45048426E-12
   2.45048426E-12
   2.45048426E-12
   2.45048426E-12
   2.40563125E-12
   2.40563125E-12
   2.40563125E-12
   2.31148434E-12
   2.31148434E-12
   2.31148434E-12
   2.26751951E-12
   2.26751951E-12
   2.26751951E-12
   2.26751951E-12
   2.26751951E-12
   2.22444285E-12
   2.22444285E-12
   2.22444285E-12
   2.13384865E-12
   2.13384865E-12
   2.13384865E-12
   2.13384865E-12
   2.13384865E-12
   2.09166018E-12
   2.09166018E-12
   2.09166018E-12
   2.09166018E-12
   2.00461869E-12
   2.00461869E-12
   2.00461869E-12
   1.96331840E-12
   1.96331840E-12
   1.96331840E-12
   1.96331840E-12
   1.96331840E-12
   1.96331840E-12
   1.96331840E-12
   1.96331840E-12
   1.96331840E-12
   1.96331840E-12
   1.96331840E-12
   1.83941751E-12
   1.83941751E-12
   1.83941751E-12
   1.83941751E-12
   1.83941751E-12
   1.83941751E-12
   1.83941751E-12
   1.83941751E-12
   1.83941751E-12
   1.83941751E-12
   1.83941751E-12
   1.83941751E-12
   1.83941751E-12
   1.83941751E-12
   1.83941751E-12
   1.83941751E-12
   1.83941751E-12
   1.83941751E-12
   1.83941751E-12
   1.83941751E-12
   1.83941751E-12
   1.83941751E-12
   1.83941751E-12
   1.83941751E-12
   1.83941751E-12
   1.83941751E-12
   1.83941751E-12
   1.83941751E-12
   1.83941751E-12
   1.83941751E-12
   1.83941751E-12
   1.83941751E-12
   1.83941751E-12
   1.83941751E-12
   1.83941751E-12
   1.83941751E-12
   1.83941751E-12
   1.83941751E-12
   1.83941751E-12
   1.83941751E-12
   1.83941751E-12
   1.83941751E-12
   1.83941751E-12
   1.83941751E-12
   1.83941751E-12
   1.83941751E-12
   1.83941751E-12
   1.83941751E-12
   1.83941751E-12
   1.83941751E-12
   1.83941751E-12
   1.83941751E-12
   1.83941751E-12
   1.83941751E-12
   1.83941751E-12
   1.83941751E-12
   1.83941751E-12
   1.83941751E-12
   1.83941751E-12
   1.83941751E-12
   1.83941751E-12
   1.83941751E-12
   1.83941751E-12
   1.83941751E-12
   1.83941751E-12
   1.83941751E-12
   1.83941751E-12
   1.83941751E-12
   1.83941751E-12
   1.83941751E-12
   1.83941751E-12
   1.83941751E-12
   1.83941751E-12
   1.83941751E-12
   1.83941751E-12
   1.83941751E-12
   1.83941751E-12
   1.83941751E-12
   1.83941751E-12
   1.83941751E-12
   1.83941751E-12
   1.83941751E-12
   1.83941751E-12
   1.83941751E-12
   1.83941751E-12
   1.83941751E-12
   1.83941751E-12
   1.83941751E-12
   1.83941751E-12
   1.83941751E-12
   1.83941751E-12
   1.83941751E-12
   1.83941751E-12
   1.83941751E-12
   1.83941751E-12
   1.83941751E-12
   1.83941751E-12
   1.83941751E-12
   1.83941751E-12
   1.83941751E-12
   1.83941751E-12
   1.83941751E-12
   1.83941751E-12
   1.83941751E-12
   1.83941751E-12
   1.83941751E-12
   1.83941751E-12
   1.83941751E-12
   1.83941751E-12
   1.83941751E-12
   1.83941751E-12
   1.83941751E-12
   1.83941751E-12
   1.83941751E-12
   1.83941751E-12
   1.83941751E-12
   1.83941751E-12
   1.83941751E-12
   1.83941751E-12
   1.83941751E-12
   1.83941751E-12
   1.83941751E-12
   1.83941751E-12
   1.83941751E-12
   1.83941751E-12
   1.83941751E-12
   1.83941751E-12
   1.83941751E-12
   1.83941751E-12
   1.83941751E-12
   1.83941751E-12
   1.83941751E-12
   1.83941751E-12
   1.83941751E-12
   1.83941751E-12
   1.83941751E-12
   1.83941751E-12
   1.83941751E-12
   1.83941751E-12
   1.83941751E-12
   1.83941751E-12
   1.83941751E-12
   1.83941751E-12
   1.83941751E-12
   1.83941751E-12
   1.83941751E-12
   1.83941751E-12
   1.83941751E-12
   1.83941751E-12
   1.83941751E-12
   1.83941751E-12
   1.83941751E-12
   1.83941751E-12
   1.83941751E-12
   1.83941751E-12
   1.83941751E-12
   1.83941751E-12
   1.83941751E-12
   1.83941751E-12
   1.83941751E-12
   1.83941751E-12
   1.83941751E-12
   1.83941751E-12
   1.83941751E-12
   1.83941751E-12
   1.83941751E-12
   1.83941751E-12
   1.83941751E-12
   1.83941751E-12
   1.83941751E-12
   1.83941751E-12
   1.83941751E-12
   1.83941751E-12
   1.83941751E-12
   1.83941751E-12
   1.83941751E-12
   1.83941751E-12
   1.83941751E-12
   1.83941751E-12
   1.83941751E-12
   1.83941751E-12
   1.83941751E-12
   1.83941751E-12
   1.83941751E-12
   1.83941751E-12
   1.83941751E-12
   1.83941751E-12
   1.83941751E-12
   1.83941751E-12
   1.83941751E-12
   1.83941751E-12
   1.83941751E-12
   1.83941751E-12
   1.83941751E-12
   1.83941751E-12
   1.83941751E-12
   1.83941751E-12
   1.83941751E-12
   1.83941751E-12
   1.83941751E-12
   1.83941751E-12
   1.83941751E-12
   1.83941751E-12
   1.83941751E-12
   1.83941751E-12
   1.83941751E-12
   1.83941751E-12
   1.83941751E-12
   1.83941751E-12
   1.83941751E-12
   1.83941751E-12
   1.83941751E-12
   1.83941751E-12
   1.83941751E-12
   1.83941751E-12
   1.83941751E-12
   1.83941751E-12
   1.83941751E-12
   1.83941751E-12
   1.83941751E-12
   1.83941751E-12
   1.83941751E-12
   1.83941751E-12
   1.83941751E-12
   1.83941751E-12
   1.83941751E-12
   1.83941751E-12
   1.83941751E-12
   1.83941751E-12
   1.83941751E-12
   1.83941751E-12
   1.83941751E-12
   1.83941751E-12
   1.83941751E-12
   1.83941751E-12
   1.83941751E-12
   1.83941751E-12
   1.83941751E-12
   1.83941751E-12
   1.83941751E-12
   1.83941751E-12
   1.83941751E-12
   1.83941751E-12
   1.83941751E-12
   1.83941751E-12
   1.83941751E-12
   1.83941751E-12
   1.83941751E-12
   1.83941751E-12
   1.83941751E-12
   1.83941751E-12
   1.83941751E-12
   1.83941751E-12
   1.83941751E-12
   1.83941751E-12
   1.83941751E-12
   1.83941751E-12
   1.83941751E-12
   1.83941751E-12
   1.83941751E-12
   1.83941751E-12
   1.83941751E-12
   1.83941751E-12
   1.83941751E-12
   1.83941751E-12
   1.83941751E-12
   1.83941751E-12
   1.83941751E-12
   1.83941751E-12
   1.83941751E-12
   1.83941751E-12
   1.83941751E-12
   1.83941751E-12
   1.83941751E-12
   1.83941751E-12
   1.83941751E-12
   1.83941751E-12
   1.83941751E-12
   1.83941751E-12
   1.83941751E-12
   1.83941751E-12
   1.83941751E-12
   1.83941751E-12
   1.83941751E-12
   1.83941751E-12
   1.83941751E-12
   1.83941751E-12
   1.83941751E-12
   1.83941751E-12
   1.83941751E-12
   1.83941751E-12
   1.83941751E-12
   1.83941751E-12
   1.83941751E-12
   1.83941751E-12
   1.83941751E-12
   1.83941751E-12
   1.83941751E-12
   1.83941751E-12
   1.83941751E-12
   1.83941751E-12
   1.83941751E-12
   1.83941751E-12
   1.83941751E-12
   1.83941751E-12
   1.83941751E-12
   1.83941751E-12
   1.83941751E-12
   1.83941751E-12
   1.83941751E-12
   1.83941751E-12
   1.83941751E-12
   1.83941751E-12
   1.83941751E-12
   1.83941751E-12
   1.83941751E-12
   1.83941751E-12
   1.83941751E-12
   1.83941751E-12
   1.83941751E-12
   1.83941751E-12
   1.83941751E-12
   1.83941751E-12
   1.83941751E-12
   1.83941751E-12
   1.83941751E-12
   1.83941751E-12
   1.83941751E-12
   1.83941751E-12
   1.83941751E-12
   1.83941751E-12
   1.83941751E-12
   1.83941751E-12
   1.83941751E-12
   1.83941751E-12
   1.83941751E-12
   1.83941751E-12
   1.83941751E-12
   1.83941751E-12
   1.83941751E-12
   1.83941751E-12
   1.83941751E-12
   1.83941751E-12
   1.83941751E-12
   1.83941751E-12
   1.83941751E-12
   1.83941751E-12
   1.83941751E-12
   1.83941751E-12
   1.83941751E-12
   1.83941751E-12
   1.83941751E-12
   1.83941751E-12
   1.83941751E-12
   1.83941751E-12
   1.83941751E-12
   1.83941751E-12
   1.83941751E-12
   1.83941751E-12
   1.83941751E-12
   1.83941751E-12
   1.83941751E-12
   1.83941751E-12
   1.83941751E-12
   1.83941751E-12
   1.83941751E-12
   1.83941751E-12
   1.83941751E-12
   1.83941751E-12
   1.83941751E-12
   1.83941751E-12
   1.83941751E-12
   1.83941751E-12
   1.83941751E-12
   1.83941751E-12
   1.83941751E-12
   1.83941751E-12
   1.83941751E-12
   1.83941751E-12
   1.83941751E-12
   1.83941751E-12
   1.83941751E-12
   1.83941751E-12
   1.83941751E-12
   1.83941751E-12
   1.83941751E-12
   1.83941751E-12
   1.83941751E-12
   1.83941751E-12
   1.83941751E-12
   1.83941751E-12
   1.83941751E-12
   1.83941751E-12
   1.83941751E-12
   1.83941751E-12
   1.83941751E-12
   1.83941751E-12
   1.83941751E-12
   1.83941751E-12
   1.83941751E-12
   1.83941751E-12
   1.83941751E-12
   1.83941751E-12
   1.83941751E-12
   1.83941751E-12
   1.83941751E-12
   1.83941751E-12
   1.83941751E-12
   1.83941751E-12
   1.83941751E-12
   1.83941751E-12
   1.83941751E-12
   1.83941751E-12
   1.83941751E-12
   1.83941751E-12
   1.83941751E-12
   1.83941751E-12
   1.83941751E-12
   1.83941751E-12
   1.83941751E-12
   1.83941751E-12
   1.83941751E-12
   1.83941751E-12
   1.83941751E-12
   1.83941751E-12
   1.83941751E-12
   1.83941751E-12
   1.83941751E-12
   1.83941751E-12
   1.83941751E-12
   1.83941751E-12
   1.83941751E-12
   1.83941751E-12
   1.83941751E-12
   1.83941751E-12
   1.83941751E-12
   1.83941751E-12
   1.83941751E-12
   1.83941751E-12
   1.83941751E-12
   1.83941751E-12
   1.83941751E-12
   1.83941751E-12
   1.83941751E-12
   1.83941751E-12
   1.83941751E-12
   1.83941751E-12
   1.83941751E-12
   1.83941751E-12
   1.83941751E-12
   1.83941751E-12
   1.83941751E-12
   1.83941751E-12
   1.83941751E-12
   1.83941751E-12
   1.83941751E-12
   1.83941751E-12
   1.83941751E-12
   1.83941751E-12
   1.83941751E-12
   1.83941751E-12
   1.83941751E-12
   1.83941751E-12
   1.83941751E-12
   1.83941751E-12
   1.83941751E-12
   1.83941751E-12
   1.83941751E-12
   1.83941751E-12
   1.83941751E-12
   1.83941751E-12
   1.83941751E-12
   1.83941751E-12
   1.83941751E-12
   1.83941751E-12
   1.83941751E-12
   1.83941751E-12
   1.83941751E-12
   1.83941751E-12
   1.83941751E-12
   1.83941751E-12
   1.83941751E-12
   1.83941751E-12
   1.83941751E-12
   1.83941751E-12
   1.83941751E-12
   1.83941751E-12
   1.83941751E-12
   1.83941751E-12
   1.83941751E-12
   1.83941751E-12
   1.83941751E-12
   1.83941751E-12
   1.83941751E-12
   1.83941751E-12
   1.83941751E-12
   1.83941751E-12
   1.83941751E-12
   1.83941751E-12
   1.83941751E-12
   1.83941751E-12
   1.83941751E-12
   1.83941751E-12
   1.83941751E-12
   1.83941751E-12
   1.83941751E-12
   1.83941751E-12
   1.83941751E-12
   1.83941751E-12
   1.83941751E-12
   1.83941751E-12
   1.83941751E-12
   1.83941751E-12
   1.83941751E-12
   1.83941751E-12
   1.83941751E-12
   1.83941751E-12
   1.83941751E-12
   1.83941751E-12
   1.83941751E-12
   1.83941751E-12
   1.83941751E-12
   1.83941751E-12
   1.83941751E-12
   1.83941751E-12
   1.83941751E-12
   1.83941751E-12
   1.83941751E-12
   1.83941751E-12
   1.83941751E-12
   1.83941751E-12
   1.83941751E-12
   1.83941751E-12
   1.83941751E-12
   1.83941751E-12
   1.83941751E-12
   1.83941751E-12
   1.83941751E-12
   1.83941751E-12
   1.83941751E-12
   1.83941751E-12
   1.83941751E-12
   1.83941751E-12
   1.83941751E-12
   1.83941751E-12
   1.83941751E-12
   1.83941751E-12
   1.83941751E-12
   1.83941751E-12
   1.83941751E-12
   1.83941751E-12
   1.83941751E-12
   1.83941751E-12
   1.83941751E-12
   1.83941751E-12
   1.83941751E-12
   1.83941751E-12
   1.83941751E-12
   1.83941751E-12
   1.83941751E-12
   1.83941751E-12
   1.83941751E-12
   1.83941751E-12
   1.83941751E-12
   1.83941751E-12
   1.83941751E-12
   1.83941751E-12
   1.83941751E-12
   1.83941751E-12
   1.83941751E-12
   1.83941751E-12
   1.83941751E-12
   1.83941751E-12
   1.83941751E-12
   1.83941751E-12
   1.83941751E-12
   1.83941751E-12
   1.83941751E-12
   1.83941751E-12
   1.83941751E-12
   1.83941751E-12
   1.83941751E-12
   1.83941751E-12
   1.83941751E-12
   1.83941751E-12
   1.83941751E-12
   1.83941751E-12
   1.83941751E-12
   1.83941751E-12
   1.83941751E-12
   1.83941751E-12
   1.83941751E-12
   1.83941751E-12
   1.83941751E-12
   1.83941751E-12
   1.83941751E-12
   1.83941751E-12
   1.83941751E-12
   1.83941751E-12
   1.83941751E-12
   1.83941751E-12
   1.83941751E-12
   1.83941751E-12
   1.83941751E-12
   1.83941751E-12
   1.83941751E-12
   1.83941751E-12
   1.83941751E-12
   1.83941751E-12
   1.83941751E-12
   1.83941751E-12
   1.83941751E-12
   1.83941751E-12
   1.83941751E-12
   1.83941751E-12
   1.83941751E-12
   1.83941751E-12
   1.83941751E-12
   1.83941751E-12
   1.83941751E-12
   1.83941751E-12
   1.83941751E-12
   1.83941751E-12
   1.83941751E-12
   1.83941751E-12
   1.83941751E-12
   1.83941751E-12
   1.83941751E-12
   1.83941751E-12
   1.83941751E-12
   1.83941751E-12
   1.83941751E-12
   1.83941751E-12
   1.83941751E-12
   1.83941751E-12
   1.83941751E-12
   1.83941751E-12
   1.83941751E-12
   1.83941751E-12
   1.83941751E-12
   1.83941751E-12
   1.83941751E-12
   1.83941751E-12
   1.83941751E-12
   1.83941751E-12
   1.83941751E-12
   1.83941751E-12
   1.83941751E-12
   1.83941751E-12
   1.83941751E-12
   1.83941751E-12
   1.83941751E-12
   1.83941751E-12
   1.83941751E-12
   1.83941751E-12
   1.83941751E-12
   1.83941751E-12
   1.83941751E-12
   1.83941751E-12
   1.83941751E-12
   1.83941751E-12
   1.83941751E-12
   1.83941751E-12
   1.83941751E-12
   1.83941751E-12
   1.83941751E-12
   1.83941751E-12
   1.83941751E-12
   1.83941751E-12
   1.83941751E-12
   1.83941751E-12
   1.83941751E-12
   1.83941751E-12
   1.83941751E-12
   1.83941751E-12
   1.83941751E-12
   1.83941751E-12
   1.83941751E-12
   1.83941751E-12
   1.83941751E-12
   1.83941751E-12
   1.83941751E-12
   1.83941751E-12
   1.83941751E-12
   1.83941751E-12
   1.83941751E-12
   1.83941751E-12
   1.83941751E-12
   1.83941751E-12
   1.83941751E-12
   1.83941751E-12
   1.83941751E-12
   1.83941751E-12
   1.83941751E-12
   1.83941751E-12
   1.83941751E-12
   1.83941751E-12
   1.83941751E-12
   1.83941751E-12
   1.83941751E-12
   1.83941751E-12
   1.83941751E-12
   1.83941751E-12
   1.83941751E-12
   1.83941751E-12
   1.83941751E-12
   1.83941751E-12
   1.83941751E-12
   1.83941751E-12
   1.83941751E-12
   1.83941751E-12
   1.83941751E-12
   1.83941751E-12
   1.83941751E-12
   1.83941751E-12
   1.83941751E-12
   1.83941751E-12
   1.83941751E-12
   1.83941751E-12
   1.83941751E-12
   1.83941751E-12
   1.83941751E-12
   1.83941751E-12
   1.83941751E-12
   1.83941751E-12
   1.83941751E-12
   1.83941751E-12
   1.83941751E-12
   1.83941751E-12
   1.83941751E-12
   1.83941751E-12
   1.83941751E-12
   1.83941751E-12
   1.83941751E-12
   1.83941751E-12
   1.83941751E-12
   1.83941751E-12
   1.83941751E-12
   1.83941751E-12
   1.83941751E-12
   1.83941751E-12
   1.83941751E-12
   1.83941751E-12
   1.83941751E-12
   1.83941751E-12
   1.83941751E-12
   1.83941751E-12
   1.83941751E-12
   1.83941751E-12
   1.83941751E-12
   1.83941751E-12
   1.83941751E-12
   1.83941751E-12
   1.83941751E-12
   1.83941751E-12
   1.83941751E-12
   1.83941751E-12
   1.83941751E-12
   1.83941751E-12
   1.83941751E-12
   1.83941751E-12
   1.83941751E-12
   1.83941751E-12
   1.83941751E-12
   1.83941751E-12
   1.83941751E-12
   1.83941751E-12
   1.83941751E-12
   1.83941751E-12
   1.83941751E-12
   1.83941751E-12
   1.83941751E-12
   1.83941751E-12
   1.83941751E-12
   1.83941751E-12
   1.83941751E-12
   1.83941751E-12
   1.83941751E-12
   1.83941751E-12
   1.83941751E-12
   1.83941751E-12
   1.83941751E-12
   1.83941751E-12
   1.83941751E-12
   1.83941751E-12
   1.83941751E-12
   1.83941751E-12
   1.83941751E-12
   1.83941751E-12
   1.83941751E-12
   1.83941751E-12
   1.83941751E-12
   1.83941751E-12
   1.83941751E-12
   1.83941751E-12
   1.83941751E-12
   1.83941751E-12
   1.83941751E-12
   1.83941751E-12
   1.83941751E-12
   1.83941751E-12
   1.83941751E-12
   1.83941751E-12
   1.83941751E-12
   1.83941751E-12
   1.83941751E-12
   1.83941751E-12
   1.83941751E-12
   1.83941751E-12
   1.83941751E-12
   1.83941751E-12
   1.83941751E-12
   1.83941751E-12
   1.83941751E-12
   1.83941751E-12
   1.83941751E-12
   1.83941751E-12
   1.83941751E-12
   1.83941751E-12
   1.83941751E-12
   1.83941751E-12
   1.83941751E-12
   1.83941751E-12
   1.83941751E-12
   1.83941751E-12
   1.83941751E-12
   1.83941751E-12
   1.83941751E-12
   1.83941751E-12
   1.83941751E-12
   1.83941751E-12
   1.83941751E-12
   1.83941751E-12
   1.83941751E-12
   1.83941751E-12
   1.83941751E-12
   1.83941751E-12
   1.83941751E-12
   1.83941751E-12
   1.83941751E-12
   1.83941751E-12
   1.83941751E-12
   1.83941751E-12
   1.83941751E-12
   1.83941751E-12
   1.83941751E-12
   1.83941751E-12
   1.83941751E-12
   1.83941751E-12
   1.83941751E-12
   1.83941751E-12
   1.83941751E-12
   1.83941751E-12
   1.83941751E-12
   1.83941751E-12
   1.83941751E-12
   1.83941751E-12
   1.83941751E-12
   1.83941751E-12
   1.83941751E-12
   1.83941751E-12
   1.83941751E-12
   1.83941751E-12
   1.83941751E-12
   1.83941751E-12
   1.83941751E-12
   1.83941751E-12
   1.83941751E-12
   1.83941751E-12
   1.83941751E-12
   1.83941751E-12
   1.83941751E-12
   1.83941751E-12
   1.83941751E-12
   1.83941751E-12
   1.83941751E-12
   1.83941751E-12
   1.83941751E-12
   1.83941751E-12
   1.83941751E-12
   1.83941751E-12
   1.83941751E-12
   1.83941751E-12
   1.83941751E-12
   1.83941751E-12
   1.83941751E-12
   1.83941751E-12
   1.83941751E-12
   1.83941751E-12
   1.83941751E-12
   1.83941751E-12
   1.83941751E-12
   1.83941751E-12
   1.83941751E-12
   1.83941751E-12
   1.83941751E-12
   1.83941751E-12
   1.83941751E-12
   1.83941751E-12
   1.83941751E-12
   1.83941751E-12
   1.83941751E-12
   1.83941751E-12
   1.83941751E-12
   1.83941751E-12
   1.83941751E-12
   1.83941751E-12
   1.83941751E-12
   1.83941751E-12
   1.83941751E-12
   1.83941751E-12
   1.83941751E-12
   1.83941751E-12
   1.83941751E-12
   1.83941751E-12
   1.83941751E-12
   1.83941751E-12
   1.83941751E-12
   1.83941751E-12
   1.83941751E-12
   1.83941751E-12
   1.83941751E-12
   1.83941751E-12
   1.83941751E-12
   1.83941751E-12
   1.83941751E-12
   1.83941751E-12
   1.83941751E-12
   1.83941751E-12
   1.83941751E-12
   1.83941751E-12
   1.83941751E-12
   1.83941751E-12
   1.83941751E-12
   1.83941751E-12
   1.83941751E-12
   1.83941751E-12
   1.83941751E-12
   1.83941751E-12
   1.83941751E-12
   1.83941751E-12
   1.83941751E-12
   1.83941751E-12
   1.83941751E-12
   1.83941751E-12
   1.83941751E-12
   1.83941751E-12
   1.83941751E-12
   1.83941751E-12
   1.83941751E-12
   1.83941751E-12
   1.83941751E-12
   1.83941751E-12
   1.83941751E-12
   1.83941751E-12
   1.83941751E-12
   1.83941751E-12
   1.83941751E-12
   1.83941751E-12
   1.83941751E-12
   1.83941751E-12
   1.83941751E-12
   1.83941751E-12
   1.83941751E-12
   1.83941751E-12
   1.83941751E-12
   1.83941751E-12
   1.83941751E-12
   1.83941751E-12
   1.83941751E-12
   1.83941751E-12
   1.83941751E-12
   1.83941751E-12
   1.83941751E-12
   1.83941751E-12
   1.83941751E-12
   1.83941751E-12
   1.83941751E-12
   1.83941751E-12
   1.83941751E-12
   1.83941751E-12
   1.83941751E-12
   1.83941751E-12
   1.83941751E-12
   1.83941751E-12
   1.83941751E-12
   1.83941751E-12
   1.83941751E-12
   1.83941751E-12
   1.83941751E-12
   1.83941751E-12
   1.83941751E-12
   1.83941751E-12
   1.83941751E-12
   1.83941751E-12
   1.83941751E-12
   1.83941751E-12
   1.83941751E-12
   1.83941751E-12
   1.83941751E-12
   1.83941751E-12
   1.83941751E-12
   1.83941751E-12
   1.83941751E-12
   1.83941751E-12
   1.83941751E-12
   1.83941751E-12
   1.83941751E-12
   1.83941751E-12
   1.83941751E-12
   1.83941751E-12
   1.83941751E-12
   1.83941751E-12
   1.83941751E-12
   1.83941751E-12
   1.83941751E-12
   1.83941751E-12
   1.83941751E-12
   1.83941751E-12
   1.83941751E-12
   1.83941751E-12
   1.83941751E-12
   1.83941751E-12
   1.83941751E-12
   1.83941751E-12
   1.83941751E-12
   1.83941751E-12
   1.83941751E-12
   1.83941751E-12
   1.83941751E-12
   1.83941751E-12
   1.83941751E-12
   1.83941751E-12
   1.83941751E-12
   1.83941751E-12
   1.83941751E-12
   1.83941751E-12
   1.83941751E-12
   1.83941751E-12
   1.83941751E-12
   1.83941751E-12
   1.83941751E-12
   1.83941751E-12
   1.83941751E-12
   1.83941751E-12
   1.83941751E-12
   1.83941751E-12
   1.83941751E-12
   1.83941751E-12
   1.83941751E-12
   1.83941751E-12
   1.83941751E-12
   1.83941751E-12
   1.83941751E-12
   1.83941751E-12
   1.83941751E-12
   1.83941751E-12
   1.83941751E-12
   1.83941751E-12
   1.83941751E-12
   1.83941751E-12
   1.83941751E-12
   1.83941751E-12
   1.83941751E-12
   1.83941751E-12
   1.83941751E-12
   1.83941751E-12
   1.83941751E-12
   1.83941751E-12
   1.83941751E-12
   1.83941751E-12
   1.83941751E-12
   1.83941751E-12
   1.83941751E-12
   1.83941751E-12
   1.83941751E-12
   1.83941751E-12
   1.83941751E-12
   1.83941751E-12
   1.83941751E-12
   1.83941751E-12
   1.83941751E-12
   1.83941751E-12
   1.83941751E-12
   1.83941751E-12
   1.83941751E-12
   1.83941751E-12
   1.83941751E-12
   1.83941751E-12
   1.83941751E-12
   1.83941751E-12
   1.83941751E-12
   1.83941751E-12
   1.83941751E-12
   1.83941751E-12
   1.83941751E-12
   1.83941751E-12
   1.83941751E-12
   1.83941751E-12
   1.83941751E-12
   1.83941751E-12
   1.83941751E-12
   1.83941751E-12
   1.83941751E-12
   1.83941751E-12
   1.83941751E-12
   1.83941751E-12
   1.83941751E-12
   1.83941751E-12
   1.83941751E-12
   1.83941751E-12
   1.83941751E-12
   1.83941751E-12
   1.83941751E-12
   1.83941751E-12
   1.83941751E-12
   1.83941751E-12
   1.83941751E-12
   1.83941751E-12
   1.83941751E-12
   1.83941751E-12
   1.83941751E-12
   1.83941751E-12
   1.83941751E-12
   1.83941751E-12
   1.83941751E-12
   1.83941751E-12
   1.83941751E-12
   1.83941751E-12
   1.83941751E-12
   1.83941751E-12
   1.83941751E-12
   1.83941751E-12
   1.83941751E-12
   1.83941751E-12
   1.83941751E-12
   1.83941751E-12
   1.83941751E-12
   1.83941751E-12
   1.83941751E-12
   1.83941751E-12
   1.83941751E-12
   1.83941751E-12
   1.83941751E-12
   1.83941751E-12
   1.83941751E-12
   1.83941751E-12
   1.83941751E-12
   1.83941751E-12
   1.83941751E-12
   1.83941751E-12
   1.83941751E-12
   1.83941751E-12
   1.83941751E-12
   1.83941751E-12
   1.83941751E-12
   1.83941751E-12
   1.83941751E-12
   1.83941751E-12
   1.83941751E-12
   1.83941751E-12
   1.83941751E-12
   1.83941751E-12
   1.83941751E-12
   1.83941751E-12
   1.83941751E-12
   1.83941751E-12
   1.83941751E-12
   1.83941751E-12
   1.83941751E-12
   1.83941751E-12
   1.83941751E-12
   1.83941751E-12
   1.83941751E-12
   1.83941751E-12
   1.83941751E-12
   1.83941751E-12
   1.83941751E-12
   1.83941751E-12
   1.83941751E-12
   1.83941751E-12
   1.83941751E-12
   1.83941751E-12
   1.83941751E-12
   1.83941751E-12
   1.83941751E-12
   1.83941751E-12
   1.83941751E-12
   1.83941751E-12
   1.83941751E-12
   1.83941751E-12
   1.83941751E-12
   1.83941751E-12
   1.83941751E-12
   1.83941751E-12
   1.83941751E-12
   1.83941751E-12
   1.83941751E-12
   1.83941751E-12
   1.83941751E-12
   1.83941751E-12
   1.83941751E-12
   1.83941751E-12
   1.83941751E-12
   1.83941751E-12
   1.83941751E-12
   1.83941751E-12
   1.83941751E-12
   1.83941751E-12
   1.83941751E-12
   1.83941751E-12
   1.83941751E-12
   1.83941751E-12
   1.83941751E-12
   1.83941751E-12
   1.83941751E-12
   1.83941751E-12
   1.83941751E-12
   1.83941751E-12
   1.83941751E-12
   1.83941751E-12
   1.83941751E-12
   1.83941751E-12
   1.83941751E-12
   1.83941751E-12
   1.83941751E-12
   1.83941751E-12
   1.83941751E-12
   1.83941751E-12
   1.83941751E-12
   1.83941751E-12
